  1:	0.000  0.000  0.000  0.001  0.002  0.891  0.000  0.103  0.001  0.002	10
  2:	0.000  0.000  0.000  0.001  0.007  0.918  0.055  0.000  0.012  0.007	8
  3:	0.000  0.000  0.000  0.000  0.002  0.924  0.000  0.071  0.000  0.002	10
  4:	0.000  0.000  0.000  0.000  0.002  0.918  0.000  0.001  0.076  0.003	10
  5:	0.186  0.041  0.004  0.000  0.003  0.763  0.000  0.000  0.000  0.004	10
  6:	0.000  0.000  0.000  0.000  0.002  0.931  0.000  0.065  0.000  0.002	10
  7:	0.000  0.000  0.000  0.000  0.000  0.941  0.000  0.058  0.000  0.000	10
  8:	0.000  0.000  0.000  0.001  0.007  0.895  0.075  0.001  0.015  0.006	10
  9:	0.000  0.000  0.000  0.000  0.002  0.994  0.000  0.002  0.000  0.002	10
 10:	0.000  0.000  0.000  0.000  0.001  0.997  0.000  0.000  0.000  0.001	10
 11:	0.000  0.000  0.000  0.031  0.005  0.867  0.081  0.000  0.009  0.006	10
 12:	0.000  0.000  0.000  0.151  0.003  0.840  0.000  0.000  0.001  0.005	10
 13:	0.000  0.000  0.000  0.190  0.004  0.800  0.000  0.000  0.000  0.005	10
 14:	0.000  0.896  0.000  0.000  0.002  0.100  0.000  0.000  0.000  0.002	10
 15:	0.000  0.954  0.000  0.000  0.002  0.042  0.000  0.000  0.000  0.002	10
 16:	0.000  0.000  0.000  0.000  0.003  0.889  0.000  0.000  0.104  0.003	10
 17:	0.000  0.001  0.000  0.009  0.003  0.846  0.004  0.000  0.134  0.003	10
 18:	0.024  0.049  0.179  0.000  0.003  0.741  0.000  0.000  0.000  0.003	10

  1:	0.000  0.178  0.001  0.000  0.001  0.009  0.000  0.808  0.001  0.000	10
  2:	0.000  0.000  0.007  0.000  0.008  0.000  0.000  0.915  0.069  0.000	8
  3:	0.000  0.000  0.001  0.000  0.001  0.000  0.107  0.891  0.000  0.000	10
  4:	0.000  0.000  0.000  0.000  0.000  0.086  0.000  0.913  0.000  0.000	10
  5:	0.000  0.000  0.003  0.000  0.002  0.000  0.000  0.836  0.000  0.159	10
  6:	0.000  0.000  0.001  0.000  0.001  0.000  0.101  0.897  0.000  0.000	10
  7:	0.000  0.145  0.000  0.000  0.000  0.000  0.000  0.854  0.000  0.000	10
  8:	0.000  0.003  0.009  0.001  0.008  0.000  0.001  0.888  0.090  0.000	10
  9:	0.000  0.059  0.001  0.000  0.001  0.000  0.000  0.939  0.000  0.000	10
 10:	0.000  0.053  0.000  0.000  0.000  0.000  0.000  0.946  0.000  0.000	10
 11:	0.001  0.000  0.007  0.104  0.008  0.000  0.001  0.866  0.014  0.000	10
 12:	0.002  0.000  0.003  0.100  0.004  0.003  0.000  0.888  0.000  0.000	10
 13:	0.142  0.000  0.003  0.001  0.003  0.000  0.000  0.851  0.000  0.000	10
 14:	0.000  0.000  0.003  0.000  0.002  0.000  0.000  0.924  0.000  0.071	10
 15:	0.000  0.000  0.001  0.000  0.001  0.000  0.000  0.921  0.000  0.076	10
 16:	0.000  0.001  0.003  0.000  0.003  0.001  0.000  0.911  0.081  0.000	10
 17:	0.000  0.000  0.003  0.006  0.003  0.000  0.000  0.882  0.106  0.000	10
 18:	0.000  0.000  0.003  0.000  0.003  0.000  0.000  0.826  0.000  0.167	10

  1:	0.082  0.000  0.000  0.000  0.002  0.000  0.912  0.001  0.000  0.002	10
  2:	0.000  0.001  0.000  0.000  0.005  0.000  0.917  0.068  0.000  0.009	8
  3:	0.000  0.000  0.000  0.160  0.001  0.000  0.838  0.000  0.000  0.001	10
  4:	0.000  0.000  0.000  0.000  0.002  0.000  0.935  0.059  0.000  0.002	10
  5:	0.000  0.000  0.163  0.000  0.004  0.004  0.827  0.000  0.000  0.002	10
  6:	0.000  0.000  0.000  0.152  0.001  0.000  0.845  0.000  0.000  0.001	10
  7:	0.050  0.000  0.000  0.000  0.000  0.000  0.949  0.000  0.000  0.000	10
  8:	0.004  0.002  0.000  0.001  0.006  0.000  0.891  0.085  0.000  0.010	10
  9:	0.002  0.000  0.000  0.000  0.002  0.000  0.994  0.000  0.000  0.002	10
 10:	0.000  0.000  0.000  0.000  0.001  0.000  0.997  0.000  0.000  0.001	10
 11:	0.088  0.017  0.000  0.002  0.008  0.000  0.872  0.006  0.001  0.006	10
 12:	0.000  0.094  0.000  0.000  0.005  0.000  0.892  0.000  0.004  0.004	10
 13:	0.000  0.000  0.000  0.000  0.003  0.000  0.845  0.000  0.149  0.003	10
 14:	0.000  0.000  0.000  0.000  0.002  0.932  0.064  0.000  0.000  0.002	10
 15:	0.000  0.000  0.000  0.000  0.002  0.974  0.022  0.000  0.000  0.002	10
 16:	0.000  0.000  0.000  0.000  0.002  0.000  0.914  0.080  0.000  0.003	10
 17:	0.001  0.104  0.000  0.000  0.004  0.000  0.877  0.009  0.000  0.004	10
 18:	0.000  0.000  0.160  0.000  0.003  0.109  0.725  0.000  0.000  0.004	10

  1:	0.000  0.102  0.001  0.892  0.002  0.000  0.000  0.001  0.000  0.002	10
  2:	0.000  0.000  0.000  0.920  0.005  0.000  0.000  0.002  0.068  0.005	8
  3:	0.000  0.070  0.000  0.926  0.002  0.000  0.000  0.000  0.000  0.002	10
  4:	0.000  0.000  0.000  0.919  0.002  0.000  0.000  0.077  0.000  0.002	10
  5:	0.000  0.000  0.006  0.839  0.003  0.149  0.000  0.000  0.000  0.003	10
  6:	0.000  0.063  0.000  0.932  0.002  0.000  0.000  0.000  0.000  0.002	10
  7:	0.000  0.058  0.000  0.941  0.000  0.000  0.000  0.000  0.000  0.000	10
  8:	0.003  0.000  0.000  0.897  0.004  0.000  0.000  0.001  0.090  0.005	10
  9:	0.000  0.001  0.000  0.995  0.002  0.000  0.000  0.000  0.000  0.001	10
 10:	0.000  0.000  0.000  0.997  0.001  0.000  0.000  0.000  0.000  0.001	10
 11:	0.082  0.000  0.000  0.892  0.005  0.000  0.008  0.001  0.005  0.007	10
 12:	0.001  0.000  0.000  0.900  0.002  0.000  0.090  0.000  0.000  0.006	10
 13:	0.000  0.000  0.000  0.862  0.004  0.000  0.128  0.000  0.000  0.004	10
 14:	0.000  0.000  0.929  0.067  0.002  0.000  0.000  0.000  0.000  0.002	10
 15:	0.000  0.000  0.974  0.022  0.002  0.000  0.000  0.000  0.000  0.002	10
 16:	0.000  0.000  0.000  0.894  0.002  0.000  0.000  0.101  0.000  0.002	10
 17:	0.087  0.000  0.000  0.902  0.003  0.000  0.001  0.002  0.002  0.003	10
 18:	0.000  0.000  0.122  0.726  0.004  0.145  0.000  0.000  0.000  0.004	10

  1:	0.001  0.000  0.000  0.004  0.895  0.001  0.001  0.001  0.000  0.098	10
  2:	0.000  0.000  0.000  0.010  0.913  0.001  0.000  0.075  0.001  0.000	8
  3:	0.000  0.000  0.000  0.004  0.928  0.000  0.000  0.000  0.000  0.067	10
  4:	0.000  0.000  0.000  0.004  0.917  0.078  0.000  0.000  0.000  0.000	10
  5:	0.003  0.000  0.169  0.005  0.822  0.000  0.000  0.000  0.000  0.000	10
  6:	0.000  0.000  0.000  0.004  0.935  0.000  0.000  0.000  0.000  0.061	10
  7:	0.000  0.000  0.000  0.000  0.943  0.000  0.000  0.000  0.000  0.056	10
  8:	0.000  0.000  0.000  0.009  0.887  0.000  0.001  0.100  0.002  0.000	10
  9:	0.000  0.000  0.000  0.003  0.994  0.000  0.000  0.000  0.000  0.002	10
 10:	0.000  0.000  0.000  0.002  0.997  0.000  0.000  0.000  0.000  0.000	10
 11:	0.000  0.001  0.000  0.014  0.860  0.001  0.109  0.009  0.005  0.000	10
 12:	0.000  0.001  0.000  0.010  0.885  0.000  0.103  0.000  0.000  0.000	10
 13:	0.000  0.145  0.000  0.007  0.846  0.000  0.001  0.000  0.000  0.000	10
 14:	0.909  0.000  0.000  0.004  0.087  0.000  0.000  0.000  0.000  0.000	10
 15:	0.960  0.000  0.000  0.003  0.036  0.000  0.000  0.000  0.000  0.000	10
 16:	0.000  0.000  0.000  0.005  0.891  0.102  0.000  0.001  0.001  0.000	10
 17:	0.000  0.000  0.000  0.004  0.864  0.001  0.002  0.001  0.129  0.000	10
 18:	0.102  0.000  0.167  0.006  0.725  0.000  0.000  0.000  0.000  0.000	10

  1:	0.102  0.002  0.002  0.891  0.002  0.000  0.000  0.001  0.000  0.001	10
  2:	0.002  0.008  0.006  0.931  0.001  0.000  0.000  0.050  0.000  0.001	8
  3:	0.000  0.000  0.000  0.900  0.000  0.099  0.000  0.000  0.000  0.000	10
  4:	0.009  0.000  0.000  0.927  0.063  0.000  0.000  0.000  0.000  0.000	10
  5:	0.000  0.003  0.003  0.848  0.000  0.000  0.000  0.000  0.147  0.000	10
  6:	0.000  0.001  0.001  0.907  0.000  0.092  0.000  0.000  0.000  0.000	10
  7:	0.075  0.000  0.000  0.924  0.000  0.000  0.000  0.000  0.000  0.000	10
  8:	0.003  0.005  0.008  0.911  0.001  0.001  0.000  0.069  0.000  0.002	10
  9:	0.025  0.001  0.001  0.972  0.000  0.000  0.000  0.000  0.000  0.000	10
 10:	0.021  0.001  0.001  0.978  0.000  0.000  0.000  0.000  0.000  0.000	10
 11:	0.000  0.004  0.007  0.896  0.002  0.001  0.001  0.072  0.000  0.017	10
 12:	0.000  0.001  0.002  0.891  0.008  0.000  0.003  0.000  0.000  0.095	10
 13:	0.000  0.002  0.002  0.854  0.000  0.000  0.142  0.000  0.000  0.000	10
 14:	0.000  0.002  0.002  0.930  0.000  0.000  0.000  0.000  0.065  0.000	10
 15:	0.000  0.001  0.002  0.927  0.000  0.000  0.000  0.000  0.070  0.000	10
 16:	0.093  0.003  0.004  0.895  0.002  0.000  0.000  0.002  0.000  0.001	10
 17:	0.002  0.003  0.003  0.878  0.001  0.000  0.000  0.003  0.000  0.109	10
 18:	0.000  0.003  0.003  0.838  0.000  0.000  0.000  0.000  0.155  0.000	10

  1:	0.001  0.847  0.142  0.000  0.000  0.000  0.006  0.000  0.002  0.002	10
  2:	0.001  0.912  0.006  0.000  0.000  0.000  0.011  0.000  0.003  0.066	8
  3:	0.000  0.819  0.000  0.000  0.000  0.000  0.002  0.178  0.000  0.000	10
  4:	0.000  0.927  0.001  0.000  0.000  0.000  0.005  0.000  0.065  0.000	10
  5:	0.000  0.827  0.000  0.001  0.167  0.000  0.005  0.000  0.000  0.000	10
  6:	0.000  0.825  0.000  0.000  0.000  0.000  0.003  0.171  0.000  0.000	10
  7:	0.000  0.883  0.116  0.000  0.000  0.000  0.001  0.000  0.000  0.000	10
  8:	0.001  0.886  0.008  0.000  0.000  0.000  0.011  0.002  0.005  0.086	10
  9:	0.000  0.954  0.044  0.000  0.000  0.000  0.002  0.000  0.000  0.000	10
 10:	0.000  0.959  0.040  0.000  0.000  0.000  0.001  0.000  0.000  0.000	10
 11:	0.119  0.856  0.000  0.000  0.000  0.000  0.013  0.001  0.003  0.008	10
 12:	0.111  0.880  0.000  0.000  0.000  0.001  0.007  0.000  0.000  0.001	10
 13:	0.001  0.844  0.000  0.000  0.000  0.148  0.006  0.000  0.000  0.000	10
 14:	0.000  0.780  0.000  0.216  0.000  0.000  0.004  0.000  0.000  0.000	10
 15:	0.000  0.773  0.000  0.223  0.001  0.000  0.003  0.000  0.000  0.000	10
 16:	0.000  0.905  0.000  0.000  0.000  0.000  0.006  0.000  0.087  0.001	10
 17:	0.011  0.873  0.000  0.000  0.000  0.000  0.007  0.000  0.107  0.002	10
 18:	0.000  0.806  0.000  0.015  0.173  0.000  0.006  0.000  0.000  0.000	10

  1:	0.001  0.000  0.097  0.001  0.002  0.002  0.000  0.000  0.000  0.896	10
  2:	0.002  0.000  0.000  0.063  0.006  0.006  0.000  0.000  0.000  0.921	8
  3:	0.000  0.000  0.067  0.000  0.002  0.002  0.000  0.000  0.000  0.929	10
  4:	0.053  0.000  0.015  0.001  0.001  0.001  0.000  0.000  0.000  0.930	10
  5:	0.001  0.000  0.000  0.000  0.002  0.003  0.162  0.003  0.000  0.829	10
  6:	0.000  0.000  0.060  0.000  0.002  0.002  0.000  0.000  0.000  0.935	10
  7:	0.000  0.000  0.055  0.000  0.000  0.000  0.000  0.000  0.000  0.944	10
  8:	0.001  0.001  0.001  0.085  0.007  0.008  0.000  0.000  0.000  0.897	10
  9:	0.001  0.000  0.001  0.000  0.001  0.001  0.000  0.000  0.000  0.995	10
 10:	0.001  0.000  0.000  0.000  0.001  0.001  0.000  0.000  0.000  0.997	10
 11:	0.001  0.100  0.000  0.011  0.006  0.006  0.000  0.000  0.001  0.875	10
 12:	0.007  0.092  0.000  0.000  0.001  0.001  0.000  0.000  0.002  0.896	10
 13:	0.000  0.000  0.000  0.000  0.002  0.002  0.000  0.000  0.146  0.849	10
 14:	0.000  0.000  0.000  0.000  0.002  0.002  0.000  0.917  0.000  0.079	10
 15:	0.000  0.000  0.000  0.000  0.002  0.001  0.000  0.968  0.000  0.028	10
 16:	0.001  0.000  0.000  0.073  0.003  0.002  0.000  0.000  0.000  0.920	10
 17:	0.000  0.005  0.000  0.100  0.003  0.002  0.000  0.000  0.000  0.890	10
 18:	0.000  0.000  0.000  0.000  0.003  0.003  0.160  0.101  0.000  0.733	10

  1:	0.001  0.001  0.000  0.002  0.000  0.828  0.163  0.001  0.003  0.001	10
  2:	0.001  0.002  0.000  0.006  0.001  0.925  0.000  0.000  0.007  0.059	8
  3:	0.000  0.000  0.000  0.001  0.000  0.921  0.000  0.076  0.001  0.000	10
  4:	0.000  0.001  0.000  0.002  0.000  0.922  0.001  0.069  0.002  0.002	10
  5:	0.000  0.000  0.152  0.002  0.000  0.843  0.000  0.000  0.003  0.000	10
  6:	0.000  0.000  0.000  0.001  0.000  0.927  0.000  0.071  0.001  0.000	10
  7:	0.000  0.000  0.000  0.000  0.000  0.869  0.131  0.000  0.000  0.000	10
  8:	0.006  0.002  0.000  0.006  0.000  0.901  0.002  0.001  0.007  0.074	10
  9:	0.000  0.000  0.000  0.001  0.000  0.947  0.051  0.000  0.001  0.000	10
 10:	0.000  0.000  0.000  0.000  0.000  0.953  0.046  0.000  0.000  0.000	10
 11:	0.101  0.015  0.000  0.003  0.000  0.876  0.000  0.000  0.003  0.001	10
 12:	0.001  0.093  0.000  0.004  0.003  0.895  0.000  0.000  0.004  0.000	10
 13:	0.000  0.000  0.000  0.002  0.134  0.861  0.000  0.000  0.002  0.000	10
 14:	0.000  0.000  0.068  0.002  0.000  0.928  0.000  0.000  0.002  0.000	10
 15:	0.000  0.000  0.072  0.001  0.000  0.925  0.000  0.000  0.001  0.000	10
 16:	0.000  0.000  0.000  0.003  0.000  0.923  0.000  0.001  0.003  0.069	10
 17:	0.002  0.104  0.000  0.004  0.000  0.880  0.000  0.000  0.003  0.006	10
 18:	0.000  0.000  0.160  0.003  0.000  0.834  0.000  0.000  0.003  0.000	10

  1:	0.004  0.001  0.001  0.000  0.005  0.956  0.000  0.000  0.000  0.033	10
  2:	0.015  0.000  0.000  0.000  0.912  0.006  0.000  0.000  0.000  0.066	8
  3:	0.006  0.978  0.000  0.000  0.014  0.002  0.000  0.000  0.000  0.000	10
  4:	0.023  0.050  0.000  0.000  0.884  0.043  0.000  0.000  0.000  0.000	10
  5:	0.007  0.000  0.000  0.942  0.038  0.001  0.000  0.012  0.000  0.000	10
  6:	0.005  0.957  0.000  0.000  0.036  0.002  0.000  0.000  0.000  0.000	10
  7:	0.002  0.000  0.000  0.000  0.003  0.994  0.000  0.000  0.000  0.000	10
  8:	0.014  0.004  0.002  0.000  0.850  0.034  0.000  0.000  0.002  0.093	10
  9:	0.002  0.000  0.000  0.000  0.004  0.994  0.000  0.000  0.000  0.000	10
 10:	0.001  0.000  0.000  0.000  0.003  0.996  0.000  0.000  0.000  0.000	10
 11:	0.012  0.004  0.123  0.000  0.852  0.004  0.001  0.000  0.003  0.001	10
 12:	0.013  0.000  0.001  0.000  0.909  0.001  0.076  0.000  0.000  0.000	10
 13:	0.013  0.001  0.000  0.000  0.864  0.001  0.120  0.000  0.000  0.000	10
 14:	0.005  0.000  0.000  0.000  0.001  0.000  0.000  0.993  0.000  0.000	10
 15:	0.005  0.000  0.000  0.001  0.001  0.000  0.000  0.993  0.000  0.000	10
 16:	0.035  0.005  0.000  0.000  0.955  0.005  0.000  0.000  0.000  0.000	10
 17:	0.004  0.000  0.000  0.000  0.846  0.005  0.000  0.000  0.143  0.000	10
 18:	0.010  0.000  0.000  0.818  0.002  0.001  0.000  0.169  0.000  0.000	10

  1:	0.001  0.001  0.002  0.097  0.897  0.000  0.000  0.002  0.001  0.000	10
  2:	0.000  0.062  0.007  0.000  0.924  0.001  0.000  0.006  0.000  0.000	8
  3:	0.000  0.000  0.002  0.067  0.929  0.000  0.000  0.002  0.000  0.000	10
  4:	0.000  0.000  0.000  0.001  0.930  0.000  0.000  0.000  0.068  0.000	10
  5:	0.003  0.000  0.003  0.000  0.830  0.000  0.161  0.003  0.000  0.000	10
  6:	0.000  0.000  0.002  0.061  0.936  0.000  0.000  0.002  0.000  0.000	10
  7:	0.000  0.000  0.000  0.055  0.944  0.000  0.000  0.000  0.000  0.000	10
  8:	0.000  0.086  0.006  0.001  0.901  0.000  0.000  0.006  0.000  0.001	10
  9:	0.000  0.000  0.001  0.001  0.995  0.000  0.000  0.002  0.000  0.000	10
 10:	0.000  0.000  0.001  0.000  0.997  0.000  0.000  0.001  0.001  0.000	10
 11:	0.000  0.011  0.006  0.000  0.873  0.001  0.000  0.007  0.000  0.101	10
 12:	0.000  0.000  0.001  0.000  0.894  0.000  0.000  0.001  0.009  0.093	10
 13:	0.000  0.000  0.004  0.000  0.875  0.111  0.000  0.006  0.000  0.003	10
 14:	0.929  0.000  0.002  0.000  0.068  0.000  0.000  0.002  0.000  0.000	10
 15:	0.973  0.000  0.001  0.000  0.024  0.000  0.000  0.002  0.000  0.000	10
 16:	0.000  0.003  0.003  0.000  0.923  0.063  0.000  0.004  0.002  0.000	10
 17:	0.000  0.099  0.002  0.000  0.894  0.000  0.000  0.002  0.000  0.002	10
 18:	0.100  0.000  0.003  0.000  0.734  0.000  0.159  0.003  0.000  0.000	10

  1:	0.001  0.000  0.000  0.000  0.000  0.001  0.080  0.001  0.000  0.915	10
  2:	0.003  0.012  0.000  0.000  0.000  0.003  0.000  0.003  0.054  0.925	8
  3:	0.001  0.000  0.000  0.000  0.000  0.001  0.055  0.001  0.000  0.941	10
  4:	0.002  0.002  0.001  0.000  0.000  0.002  0.049  0.002  0.000  0.941	10
  5:	0.002  0.000  0.000  0.004  0.157  0.002  0.000  0.002  0.000  0.835	10
  6:	0.001  0.000  0.000  0.000  0.000  0.001  0.050  0.001  0.000  0.946	10
  7:	0.000  0.000  0.000  0.000  0.000  0.000  0.045  0.000  0.000  0.954	10
  8:	0.003  0.015  0.000  0.000  0.000  0.003  0.000  0.003  0.072  0.902	10
  9:	0.001  0.000  0.000  0.000  0.000  0.001  0.001  0.001  0.000  0.996	10
 10:	0.001  0.000  0.000  0.000  0.000  0.001  0.000  0.001  0.000  0.998	10
 11:	0.005  0.007  0.085  0.000  0.000  0.005  0.000  0.004  0.007  0.887	10
 12:	0.003  0.000  0.082  0.000  0.000  0.003  0.000  0.002  0.001  0.910	10
 13:	0.003  0.000  0.115  0.000  0.000  0.003  0.000  0.003  0.000  0.876	10
 14:	0.001  0.000  0.000  0.940  0.000  0.001  0.000  0.001  0.000  0.056	10
 15:	0.001  0.000  0.000  0.977  0.000  0.001  0.000  0.001  0.000  0.019	10
 16:	0.002  0.073  0.000  0.000  0.000  0.002  0.001  0.002  0.001  0.920	10
 17:	0.002  0.100  0.003  0.000  0.000  0.002  0.000  0.002  0.002  0.888	10
 18:	0.001  0.000  0.000  0.101  0.155  0.002  0.000  0.002  0.000  0.738	10

