  1:	0.018  0.000  0.003  0.003  0.000  0.001  0.000  0.000  0.855  0.117  0.003	10
  2:	0.002  0.000  0.006  0.007  0.000  0.001  0.000  0.000  0.914  0.001  0.069	8
  3:	0.000  0.000  0.001  0.001  0.000  0.000  0.000  0.110  0.888  0.000  0.000	10
  4:	0.079  0.000  0.002  0.003  0.000  0.001  0.000  0.000  0.914  0.001  0.000	10
  5:	0.000  0.167  0.003  0.002  0.001  0.000  0.000  0.000  0.827  0.000  0.000	10
  6:	0.000  0.000  0.001  0.001  0.000  0.000  0.000  0.102  0.895  0.000  0.000	10
  7:	0.012  0.000  0.000  0.000  0.000  0.000  0.000  0.000  0.889  0.098  0.000	10
  8:	0.001  0.000  0.006  0.006  0.000  0.003  0.000  0.000  0.888  0.002  0.093	10
  9:	0.000  0.000  0.001  0.001  0.000  0.000  0.000  0.000  0.958  0.039  0.000	10
 10:	0.000  0.000  0.000  0.001  0.000  0.000  0.000  0.000  0.963  0.035  0.000	10
 11:	0.000  0.000  0.004  0.004  0.000  0.101  0.004  0.000  0.865  0.000  0.022	10
 12:	0.000  0.000  0.004  0.003  0.000  0.002  0.102  0.000  0.888  0.001  0.000	10
 13:	0.000  0.000  0.004  0.004  0.000  0.000  0.142  0.000  0.849  0.001  0.000	10
 14:	0.000  0.000  0.002  0.002  0.310  0.000  0.000  0.000  0.686  0.000  0.000	10
 15:	0.000  0.001  0.001  0.002  0.325  0.000  0.000  0.000  0.670  0.000  0.000	10
 16:	0.103  0.000  0.003  0.003  0.000  0.000  0.000  0.000  0.889  0.000  0.002	10
 17:	0.001  0.000  0.002  0.002  0.000  0.001  0.001  0.000  0.882  0.000  0.110	10
 18:	0.000  0.171  0.003  0.003  0.024  0.000  0.000  0.000  0.798  0.000  0.000	10

  1:	0.002  0.007  0.000  0.154  0.000  0.001  0.001  0.002  0.000  0.833  0.000	10
  2:	0.002  0.012  0.000  0.000  0.000  0.000  0.002  0.069  0.000  0.914  0.000	8
  3:	0.000  0.003  0.000  0.000  0.110  0.000  0.000  0.000  0.000  0.887  0.000	10
  4:	0.085  0.005  0.000  0.000  0.000  0.000  0.000  0.000  0.000  0.908  0.000	10
  5:	0.000  0.005  0.000  0.000  0.000  0.000  0.000  0.000  0.170  0.825  0.000	10
  6:	0.000  0.003  0.000  0.000  0.103  0.000  0.000  0.000  0.000  0.893  0.000	10
  7:	0.000  0.001  0.000  0.130  0.000  0.000  0.000  0.000  0.000  0.869  0.000	10
  8:	0.001  0.012  0.000  0.001  0.001  0.001  0.004  0.091  0.000  0.889  0.000	10
  9:	0.000  0.002  0.000  0.051  0.000  0.000  0.000  0.000  0.000  0.946  0.000	10
 10:	0.000  0.001  0.000  0.047  0.000  0.000  0.000  0.000  0.000  0.952  0.000	10
 11:	0.001  0.014  0.000  0.000  0.001  0.120  0.005  0.008  0.000  0.852  0.000	10
 12:	0.000  0.009  0.001  0.000  0.000  0.113  0.000  0.000  0.000  0.876  0.000	10
 13:	0.000  0.007  0.153  0.000  0.000  0.001  0.000  0.000  0.000  0.838  0.000	10
 14:	0.000  0.004  0.000  0.000  0.000  0.000  0.000  0.000  0.000  0.879  0.117	10
 15:	0.000  0.004  0.000  0.000  0.000  0.000  0.000  0.000  0.001  0.874  0.121	10
 16:	0.111  0.006  0.000  0.000  0.000  0.000  0.001  0.001  0.000  0.881  0.000	10
 17:	0.001  0.005  0.000  0.000  0.000  0.003  0.131  0.001  0.000  0.859  0.000	10
 18:	0.000  0.007  0.000  0.000  0.000  0.000  0.000  0.000  0.176  0.815  0.001	10

  1:	0.192  0.001  0.000  0.005  0.000  0.001  0.000  0.002  0.799  0.001  0.000	10
  2:	0.000  0.001  0.000  0.011  0.000  0.000  0.000  0.080  0.906  0.001  0.000	8
  3:	0.000  0.000  0.000  0.003  0.000  0.000  0.111  0.000  0.885  0.000  0.000	10
  4:	0.001  0.000  0.000  0.005  0.000  0.000  0.000  0.000  0.913  0.080  0.000	10
  5:	0.000  0.000  0.000  0.005  0.171  0.000  0.000  0.000  0.824  0.000  0.000	10
  6:	0.000  0.000  0.000  0.003  0.000  0.000  0.105  0.000  0.891  0.000  0.000	10
  7:	0.151  0.000  0.000  0.000  0.000  0.000  0.000  0.000  0.848  0.000  0.000	10
  8:	0.001  0.003  0.000  0.010  0.000  0.001  0.000  0.105  0.879  0.000  0.000	10
  9:	0.061  0.000  0.000  0.002  0.000  0.000  0.000  0.000  0.936  0.000  0.000	10
 10:	0.056  0.000  0.000  0.001  0.000  0.000  0.000  0.000  0.943  0.000  0.000	10
 11:	0.000  0.006  0.000  0.016  0.000  0.109  0.001  0.011  0.855  0.001  0.001	10
 12:	0.000  0.000  0.000  0.011  0.000  0.106  0.000  0.000  0.880  0.000  0.002	10
 13:	0.000  0.000  0.000  0.008  0.000  0.001  0.000  0.000  0.840  0.000  0.150	10
 14:	0.000  0.000  0.115  0.004  0.000  0.000  0.000  0.000  0.880  0.000  0.000	10
 15:	0.000  0.000  0.120  0.004  0.001  0.000  0.000  0.000  0.875  0.000  0.000	10
 16:	0.000  0.001  0.000  0.006  0.000  0.000  0.000  0.001  0.887  0.104  0.000	10
 17:	0.000  0.138  0.000  0.003  0.000  0.002  0.000  0.001  0.855  0.001  0.000	10
 18:	0.000  0.000  0.001  0.007  0.177  0.000  0.000  0.000  0.814  0.000  0.000	10

  1:	0.000  0.000  0.122  0.000  0.000  0.000  0.000  0.000  0.002  0.000  0.875	10
  2:	0.000  0.000  0.000  0.002  0.000  0.055  0.000  0.018  0.014  0.000  0.911	8
  3:	0.000  0.000  0.073  0.000  0.000  0.000  0.000  0.000  0.004  0.000  0.922	10
  4:	0.000  0.000  0.046  0.000  0.000  0.024  0.001  0.000  0.007  0.000  0.920	10
  5:	0.168  0.000  0.000  0.000  0.000  0.000  0.000  0.000  0.005  0.000  0.826	10
  6:	0.000  0.000  0.068  0.000  0.000  0.000  0.000  0.000  0.004  0.000  0.928	10
  7:	0.000  0.000  0.070  0.000  0.000  0.000  0.000  0.000  0.000  0.000  0.930	10
  8:	0.000  0.000  0.001  0.005  0.000  0.065  0.001  0.028  0.015  0.000  0.885	10
  9:	0.000  0.000  0.015  0.000  0.000  0.000  0.000  0.000  0.003  0.000  0.982	10
 10:	0.000  0.000  0.007  0.000  0.000  0.000  0.000  0.000  0.002  0.000  0.990	10
 11:	0.000  0.000  0.000  0.004  0.000  0.002  0.030  0.092  0.010  0.000  0.862	10
 12:	0.000  0.002  0.000  0.000  0.000  0.000  0.140  0.000  0.005  0.000  0.853	10
 13:	0.000  0.154  0.000  0.000  0.000  0.000  0.000  0.000  0.006  0.000  0.840	10
 14:	0.000  0.000  0.000  0.000  0.000  0.000  0.000  0.000  0.001  0.152  0.846	10
 15:	0.000  0.000  0.000  0.000  0.144  0.000  0.000  0.000  0.000  0.009  0.847	10
 16:	0.000  0.000  0.001  0.000  0.000  0.090  0.000  0.000  0.006  0.000  0.902	10
 17:	0.000  0.000  0.000  0.126  0.000  0.002  0.002  0.001  0.004  0.000  0.865	10
 18:	0.175  0.000  0.000  0.000  0.001  0.000  0.000  0.000  0.007  0.000  0.817	10

  1:	0.001  0.000  0.174  0.819  0.001  0.002  0.000  0.000  0.000  0.002  0.001	10
  2:	0.062  0.000  0.007  0.917  0.002  0.007  0.000  0.000  0.000  0.004  0.000	8
  3:	0.000  0.000  0.000  0.806  0.000  0.001  0.000  0.000  0.191  0.001  0.000	10
  4:	0.000  0.000  0.002  0.935  0.055  0.004  0.000  0.000  0.001  0.003  0.001	10
  5:	0.000  0.001  0.000  0.830  0.000  0.003  0.000  0.164  0.000  0.002  0.000	10
  6:	0.000  0.000  0.000  0.813  0.000  0.001  0.000  0.000  0.184  0.001  0.000	10
  7:	0.000  0.000  0.134  0.866  0.000  0.000  0.000  0.000  0.000  0.000  0.000	10
  8:	0.081  0.000  0.010  0.892  0.003  0.005  0.000  0.000  0.001  0.005  0.003	10
  9:	0.000  0.000  0.051  0.947  0.000  0.001  0.000  0.000  0.000  0.001  0.000	10
 10:	0.000  0.000  0.046  0.953  0.000  0.001  0.000  0.000  0.000  0.000  0.000	10
 11:	0.002  0.000  0.000  0.867  0.001  0.004  0.002  0.000  0.000  0.004  0.120	10
 12:	0.000  0.000  0.000  0.895  0.000  0.005  0.094  0.000  0.000  0.004  0.001	10
 13:	0.001  0.000  0.000  0.857  0.000  0.005  0.131  0.000  0.000  0.004  0.000	10
 14:	0.000  0.229  0.000  0.767  0.000  0.002  0.000  0.000  0.000  0.002  0.000	10
 15:	0.000  0.239  0.000  0.757  0.000  0.002  0.000  0.001  0.000  0.001  0.000	10
 16:	0.001  0.000  0.001  0.915  0.074  0.005  0.000  0.000  0.001  0.003  0.000	10
 17:	0.004  0.000  0.000  0.887  0.092  0.006  0.003  0.000  0.000  0.003  0.005	10
 18:	0.000  0.019  0.000  0.805  0.000  0.003  0.000  0.169  0.000  0.003  0.000	10

  1:	0.002  0.001  0.000  0.819  0.000  0.000  0.003  0.001  0.003  0.170  0.001	10
  2:	0.074  0.001  0.000  0.912  0.000  0.000  0.006  0.000  0.005  0.000  0.001	8
  3:	0.000  0.068  0.000  0.927  0.000  0.000  0.003  0.000  0.001  0.000  0.000	10
  4:	0.000  0.067  0.000  0.923  0.000  0.000  0.003  0.000  0.003  0.003  0.001	10
  5:	0.000  0.000  0.000  0.832  0.163  0.000  0.003  0.000  0.002  0.000  0.000	10
  6:	0.000  0.063  0.000  0.932  0.000  0.000  0.002  0.000  0.002  0.000  0.000	10
  7:	0.000  0.000  0.000  0.860  0.000  0.000  0.000  0.000  0.000  0.139  0.000	10
  8:	0.097  0.001  0.000  0.887  0.000  0.000  0.006  0.002  0.005  0.001  0.001	10
  9:	0.000  0.000  0.000  0.942  0.000  0.000  0.001  0.000  0.001  0.056  0.000	10
 10:	0.000  0.000  0.000  0.948  0.000  0.000  0.001  0.000  0.000  0.051  0.000	10
 11:	0.002  0.000  0.000  0.864  0.000  0.000  0.004  0.121  0.004  0.000  0.006	10
 12:	0.000  0.000  0.003  0.882  0.000  0.000  0.003  0.000  0.006  0.000  0.105	10
 13:	0.000  0.000  0.146  0.846  0.000  0.000  0.004  0.000  0.003  0.000  0.000	10
 14:	0.000  0.000  0.000  0.880  0.000  0.116  0.002  0.000  0.002  0.000  0.000	10
 15:	0.000  0.000  0.000  0.875  0.001  0.121  0.002  0.000  0.002  0.000  0.000	10
 16:	0.002  0.088  0.000  0.901  0.000  0.000  0.004  0.000  0.003  0.001  0.000	10
 17:	0.005  0.001  0.000  0.866  0.000  0.000  0.004  0.001  0.003  0.000  0.120	10
 18:	0.000  0.000  0.000  0.823  0.169  0.001  0.004  0.000  0.003  0.000  0.000	10

  1:	0.003  0.000  0.000  0.000  0.003  0.001  0.148  0.841  0.002  0.001  0.002	10
  2:	0.004  0.000  0.000  0.000  0.005  0.002  0.000  0.919  0.001  0.001  0.067	8
  3:	0.002  0.000  0.069  0.000  0.002  0.000  0.000  0.926  0.000  0.000  0.000	10
  4:	0.002  0.000  0.000  0.000  0.002  0.082  0.000  0.913  0.001  0.000  0.000	10
  5:	0.002  0.158  0.000  0.000  0.003  0.000  0.000  0.837  0.000  0.000  0.000	10
  6:	0.002  0.000  0.062  0.000  0.002  0.000  0.000  0.933  0.000  0.000  0.000	10
  7:	0.000  0.000  0.000  0.000  0.000  0.000  0.122  0.877  0.000  0.000  0.000	10
  8:	0.005  0.000  0.000  0.000  0.005  0.001  0.001  0.895  0.002  0.003  0.088	10
  9:	0.001  0.000  0.000  0.000  0.001  0.000  0.047  0.950  0.000  0.000  0.000	10
 10:	0.000  0.000  0.000  0.000  0.000  0.000  0.043  0.956  0.000  0.000  0.000	10
 11:	0.004  0.000  0.001  0.000  0.003  0.000  0.000  0.870  0.080  0.039  0.002	10
 12:	0.005  0.000  0.094  0.004  0.003  0.000  0.000  0.887  0.005  0.001  0.000	10
 13:	0.003  0.000  0.000  0.143  0.003  0.000  0.000  0.850  0.001  0.000  0.000	10
 14:	0.002  0.071  0.000  0.000  0.002  0.000  0.000  0.925  0.000  0.000  0.000	10
 15:	0.001  0.075  0.000  0.000  0.001  0.000  0.000  0.922  0.000  0.000  0.000	10
 16:	0.002  0.000  0.000  0.000  0.003  0.106  0.000  0.888  0.000  0.001  0.001	10
 17:	0.002  0.000  0.000  0.000  0.002  0.001  0.000  0.873  0.001  0.120  0.001	10
 18:	0.003  0.167  0.000  0.000  0.003  0.000  0.000  0.827  0.000  0.000  0.000	10

  1:	0.135  0.861  0.000  0.000  0.000  0.000  0.001  0.001  0.001  0.000  0.000	10
  2:	0.000  0.918  0.000  0.000  0.070  0.000  0.004  0.005  0.002  0.001  0.001	8
  3:	0.078  0.917  0.000  0.000  0.000  0.000  0.002  0.002  0.000  0.000  0.000	10
  4:	0.000  0.917  0.000  0.000  0.000  0.000  0.002  0.002  0.079  0.000  0.000	10
  5:	0.000  0.839  0.000  0.155  0.000  0.000  0.002  0.002  0.000  0.000  0.000	10
  6:	0.072  0.924  0.000  0.000  0.000  0.000  0.002  0.002  0.000  0.000  0.000	10
  7:	0.079  0.920  0.000  0.000  0.000  0.000  0.000  0.000  0.000  0.000  0.000	10
  8:	0.000  0.894  0.001  0.000  0.092  0.000  0.004  0.005  0.000  0.001  0.002	10
  9:	0.027  0.971  0.000  0.000  0.000  0.000  0.001  0.001  0.000  0.000  0.000	10
 10:	0.021  0.978  0.000  0.000  0.000  0.000  0.001  0.000  0.000  0.000  0.000	10
 11:	0.000  0.879  0.090  0.000  0.002  0.001  0.003  0.003  0.000  0.000  0.022	10
 12:	0.000  0.898  0.002  0.000  0.000  0.090  0.001  0.003  0.000  0.004  0.001	10
 13:	0.000  0.862  0.000  0.000  0.000  0.128  0.004  0.004  0.000  0.000  0.000	10
 14:	0.000  0.908  0.000  0.039  0.000  0.000  0.002  0.002  0.000  0.049  0.000	10
 15:	0.000  0.905  0.000  0.042  0.000  0.000  0.001  0.001  0.000  0.051  0.000	10
 16:	0.000  0.892  0.000  0.000  0.001  0.000  0.002  0.002  0.102  0.000  0.001	10
 17:	0.000  0.873  0.000  0.000  0.000  0.000  0.001  0.001  0.001  0.000  0.124	10
 18:	0.000  0.830  0.001  0.162  0.000  0.000  0.003  0.002  0.000  0.002  0.000	10

  1:	0.000  0.031  0.000  0.000  0.000  0.000  0.165  0.000  0.000  0.000  0.802	10
  2:	0.000  0.000  0.000  0.001  0.014  0.000  0.000  0.081  0.000  0.000  0.903	8
  3:	0.000  0.000  0.000  0.000  0.003  0.109  0.000  0.000  0.000  0.000  0.888	10
  4:	0.000  0.093  0.000  0.000  0.000  0.000  0.000  0.000  0.000  0.000  0.906	10
  5:	0.171  0.000  0.000  0.000  0.005  0.000  0.000  0.000  0.000  0.000  0.824	10
  6:	0.000  0.000  0.000  0.000  0.003  0.102  0.000  0.000  0.000  0.000  0.894	10
  7:	0.000  0.000  0.000  0.000  0.001  0.000  0.156  0.000  0.000  0.000  0.843	10
  8:	0.000  0.000  0.000  0.001  0.015  0.001  0.002  0.100  0.005  0.000  0.875	10
  9:	0.000  0.000  0.000  0.000  0.002  0.000  0.065  0.000  0.000  0.000  0.933	10
 10:	0.000  0.000  0.000  0.000  0.001  0.000  0.058  0.000  0.000  0.000  0.941	10
 11:	0.000  0.000  0.000  0.005  0.007  0.000  0.000  0.002  0.131  0.000  0.855	10
 12:	0.000  0.000  0.003  0.109  0.010  0.000  0.000  0.000  0.001  0.000  0.877	10
 13:	0.000  0.000  0.152  0.000  0.008  0.000  0.000  0.000  0.000  0.000  0.839	10
 14:	0.000  0.000  0.000  0.000  0.004  0.000  0.000  0.000  0.000  0.116  0.880	10
 15:	0.001  0.000  0.000  0.000  0.004  0.000  0.000  0.000  0.000  0.120  0.875	10
 16:	0.000  0.001  0.000  0.000  0.006  0.000  0.001  0.094  0.000  0.000  0.899	10
 17:	0.000  0.001  0.000  0.120  0.007  0.000  0.000  0.011  0.002  0.000  0.860	10
 18:	0.178  0.000  0.000  0.000  0.007  0.000  0.000  0.000  0.000  0.001  0.814	10

  1:	0.000  0.000  0.000  0.001  0.832  0.001  0.000  0.006  0.002  0.156  0.003	10
  2:	0.000  0.000  0.000  0.002  0.910  0.016  0.000  0.011  0.000  0.000  0.060	8
  3:	0.112  0.000  0.000  0.000  0.886  0.000  0.000  0.002  0.000  0.000  0.000	10
  4:	0.000  0.000  0.000  0.000  0.920  0.034  0.000  0.004  0.040  0.001  0.001	10
  5:	0.000  0.000  0.000  0.000  0.826  0.000  0.169  0.005  0.000  0.000  0.000	10
  6:	0.105  0.000  0.000  0.000  0.892  0.000  0.000  0.002  0.000  0.000  0.000	10
  7:	0.000  0.000  0.000  0.000  0.867  0.000  0.000  0.001  0.000  0.132  0.000	10
  8:	0.001  0.000  0.000  0.005  0.884  0.018  0.000  0.011  0.003  0.002  0.077	10
  9:	0.000  0.000  0.000  0.000  0.946  0.000  0.000  0.002  0.000  0.052  0.000	10
 10:	0.000  0.000  0.000  0.000  0.952  0.000  0.000  0.001  0.000  0.047  0.000	10
 11:	0.000  0.003  0.000  0.004  0.863  0.001  0.000  0.010  0.116  0.000  0.003	10
 12:	0.000  0.096  0.000  0.001  0.892  0.000  0.000  0.008  0.001  0.000  0.002	10
 13:	0.000  0.135  0.000  0.000  0.854  0.000  0.000  0.010  0.000  0.000  0.001	10
 14:	0.000  0.000  0.115  0.000  0.880  0.000  0.000  0.004  0.000  0.000  0.000	10
 15:	0.000  0.000  0.120  0.000  0.875  0.000  0.001  0.003  0.000  0.000  0.000	10
 16:	0.000  0.000  0.000  0.000  0.881  0.112  0.000  0.005  0.001  0.000  0.001	10
 17:	0.000  0.001  0.000  0.132  0.859  0.002  0.000  0.004  0.001  0.000  0.001	10
 18:	0.000  0.000  0.002  0.000  0.817  0.000  0.175  0.006  0.000  0.000  0.000	10

  1:	0.001  0.000  0.895  0.000  0.001  0.001  0.099  0.001  0.000  0.001  0.000	10
  2:	0.002  0.002  0.926  0.000  0.003  0.000  0.000  0.000  0.000  0.003  0.062	8
  3:	0.001  0.000  0.928  0.000  0.001  0.000  0.068  0.000  0.000  0.001  0.000	10
  4:	0.000  0.001  0.929  0.000  0.000  0.000  0.008  0.062  0.000  0.000  0.000	10
  5:	0.001  0.000  0.830  0.161  0.002  0.004  0.000  0.000  0.000  0.002  0.000	10
  6:	0.001  0.000  0.934  0.000  0.001  0.000  0.062  0.000  0.000  0.001  0.000	10
  7:	0.000  0.000  0.943  0.000  0.000  0.000  0.056  0.000  0.000  0.000  0.000	10
  8:	0.002  0.003  0.904  0.000  0.003  0.000  0.000  0.000  0.000  0.003  0.083	10
  9:	0.001  0.000  0.995  0.000  0.001  0.000  0.001  0.000  0.000  0.001  0.000	10
 10:	0.000  0.000  0.997  0.000  0.001  0.000  0.000  0.001  0.000  0.001  0.000	10
 11:	0.022  0.005  0.879  0.000  0.003  0.000  0.000  0.001  0.076  0.006  0.007	10
 12:	0.001  0.000  0.901  0.000  0.001  0.000  0.000  0.009  0.088  0.001  0.000	10
 13:	0.002  0.000  0.867  0.000  0.003  0.000  0.000  0.000  0.124  0.003  0.000	10
 14:	0.001  0.000  0.062  0.000  0.001  0.935  0.000  0.000  0.000  0.001  0.000	10
 15:	0.001  0.000  0.021  0.000  0.001  0.976  0.000  0.000  0.000  0.001  0.000	10
 16:	0.002  0.081  0.912  0.000  0.002  0.000  0.000  0.001  0.000  0.002  0.000	10
 17:	0.002  0.110  0.878  0.000  0.003  0.000  0.000  0.000  0.003  0.002  0.001	10
 18:	0.002  0.000  0.725  0.158  0.002  0.111  0.000  0.000  0.000  0.002  0.000	10

  1:	0.000  0.000  0.000  0.000  0.025  0.000  0.816  0.000  0.157  0.000  0.001	10
  2:	0.000  0.002  0.000  0.000  0.000  0.007  0.913  0.000  0.000  0.007  0.071	8
  3:	0.000  0.076  0.000  0.000  0.000  0.002  0.920  0.000  0.000  0.002  0.000	10
  4:	0.000  0.004  0.000  0.000  0.083  0.000  0.913  0.000  0.000  0.000  0.000	10
  5:	0.000  0.000  0.000  0.000  0.000  0.003  0.830  0.164  0.000  0.003  0.000	10
  6:	0.000  0.070  0.000  0.000  0.000  0.002  0.925  0.000  0.000  0.002  0.000	10
  7:	0.000  0.000  0.000  0.000  0.000  0.000  0.855  0.000  0.144  0.000  0.000	10
  8:	0.000  0.001  0.001  0.000  0.000  0.005  0.887  0.000  0.003  0.008  0.096	10
  9:	0.000  0.000  0.000  0.000  0.000  0.001  0.940  0.000  0.058  0.001  0.000	10
 10:	0.000  0.000  0.000  0.000  0.000  0.001  0.947  0.000  0.052  0.001  0.000	10
 11:	0.000  0.001  0.116  0.000  0.000  0.005  0.857  0.000  0.000  0.008  0.013	10
 12:	0.001  0.000  0.110  0.000  0.001  0.006  0.880  0.000  0.000  0.002  0.000	10
 13:	0.142  0.000  0.001  0.000  0.000  0.003  0.850  0.000  0.000  0.003  0.000	10
 14:	0.000  0.000  0.000  0.115  0.000  0.002  0.881  0.000  0.000  0.002  0.000	10
 15:	0.000  0.000  0.000  0.119  0.000  0.002  0.876  0.001  0.000  0.002  0.000	10
 16:	0.000  0.092  0.000  0.000  0.004  0.003  0.893  0.000  0.001  0.004  0.002	10
 17:	0.000  0.000  0.003  0.000  0.000  0.002  0.881  0.000  0.000  0.002  0.111	10
 18:	0.000  0.000  0.000  0.001  0.000  0.003  0.821  0.171  0.000  0.004  0.000	10

