  1:	0.001  0.002  0.000  0.000  0.001  0.192  0.001  0.000  0.001  0.800  0.000  0.001  0.001	10
  2:	0.000  0.004  0.001  0.000  0.000  0.000  0.003  0.000  0.002  0.917  0.000  0.004  0.067	8
  3:	0.000  0.001  0.000  0.000  0.000  0.000  0.001  0.103  0.000  0.894  0.000  0.001  0.000	10
  4:	0.000  0.002  0.000  0.000  0.000  0.000  0.001  0.000  0.083  0.911  0.000  0.001  0.000	10
  5:	0.000  0.002  0.000  0.000  0.000  0.000  0.001  0.000  0.000  0.829  0.165  0.002  0.000	10
  6:	0.000  0.001  0.000  0.000  0.000  0.000  0.001  0.097  0.000  0.900  0.000  0.001  0.000	10
  7:	0.000  0.000  0.000  0.000  0.000  0.148  0.000  0.000  0.000  0.851  0.000  0.000  0.000	10
  8:	0.001  0.004  0.003  0.000  0.000  0.001  0.004  0.000  0.001  0.893  0.000  0.003  0.089	10
  9:	0.000  0.001  0.000  0.000  0.000  0.060  0.001  0.000  0.000  0.938  0.000  0.001  0.000	10
 10:	0.000  0.000  0.000  0.000  0.000  0.054  0.000  0.000  0.000  0.945  0.000  0.000  0.000	10
 11:	0.115  0.005  0.005  0.000  0.000  0.000  0.004  0.000  0.001  0.857  0.000  0.005  0.007	10
 12:	0.107  0.003  0.000  0.001  0.007  0.000  0.001  0.000  0.000  0.881  0.000  0.001  0.000	10
 13:	0.001  0.003  0.000  0.145  0.000  0.000  0.002  0.000  0.000  0.846  0.000  0.002  0.000	10
 14:	0.000  0.002  0.000  0.000  0.048  0.000  0.001  0.000  0.000  0.905  0.042  0.002  0.000	10
 15:	0.000  0.001  0.000  0.000  0.051  0.000  0.001  0.000  0.000  0.902  0.045  0.001  0.000	10
 16:	0.000  0.002  0.001  0.000  0.000  0.000  0.002  0.000  0.108  0.884  0.000  0.002  0.001	10
 17:	0.002  0.001  0.134  0.000  0.000  0.000  0.001  0.000  0.001  0.860  0.000  0.001  0.000	10
 18:	0.000  0.002  0.000  0.000  0.002  0.000  0.002  0.000  0.000  0.820  0.172  0.002  0.000	10

  1:	0.000  0.000  0.000  0.001  0.002  0.001  0.874  0.119  0.001  0.000  0.001  0.000  0.000	10
  2:	0.000  0.000  0.000  0.004  0.003  0.000  0.913  0.001  0.004  0.001  0.074  0.000  0.000	8
  3:	0.000  0.000  0.000  0.001  0.000  0.000  0.890  0.000  0.001  0.000  0.000  0.000  0.108	10
  4:	0.000  0.000  0.000  0.002  0.000  0.063  0.930  0.002  0.002  0.000  0.000  0.000  0.000	10
  5:	0.000  0.177  0.000  0.003  0.000  0.000  0.812  0.000  0.003  0.004  0.000  0.001  0.000	10
  6:	0.000  0.000  0.000  0.001  0.000  0.000  0.897  0.000  0.001  0.000  0.000  0.000  0.100	10
  7:	0.000  0.000  0.000  0.000  0.000  0.000  0.914  0.086  0.000  0.000  0.000  0.000  0.000	10
  8:	0.000  0.000  0.001  0.005  0.001  0.001  0.888  0.001  0.004  0.001  0.098  0.000  0.000	10
  9:	0.000  0.000  0.000  0.001  0.000  0.000  0.969  0.028  0.001  0.000  0.000  0.000  0.000	10
 10:	0.000  0.000  0.000  0.000  0.000  0.000  0.976  0.022  0.000  0.000  0.000  0.000  0.000	10
 11:	0.000  0.000  0.008  0.005  0.001  0.104  0.870  0.000  0.004  0.001  0.005  0.000  0.000	10
 12:	0.002  0.000  0.095  0.001  0.012  0.000  0.888  0.000  0.001  0.000  0.000  0.000  0.000	10
 13:	0.146  0.000  0.000  0.003  0.000  0.000  0.847  0.000  0.003  0.000  0.000  0.000  0.000	10
 14:	0.000  0.000  0.000  0.002  0.000  0.000  0.822  0.000  0.002  0.000  0.000  0.174  0.000	10
 15:	0.000  0.000  0.000  0.001  0.000  0.000  0.814  0.000  0.001  0.001  0.000  0.182  0.000	10
 16:	0.000  0.000  0.000  0.003  0.000  0.002  0.881  0.106  0.004  0.001  0.002  0.000  0.000	10
 17:	0.000  0.000  0.109  0.004  0.001  0.002  0.871  0.002  0.003  0.001  0.007  0.000  0.000	10
 18:	0.000  0.068  0.000  0.002  0.000  0.000  0.802  0.000  0.003  0.116  0.000  0.008  0.000	10

  1:	0.000  0.001  0.104  0.001  0.001  0.001  0.000  0.000  0.001  0.000  0.887  0.001  0.001	10
  2:	0.000  0.004  0.001  0.003  0.001  0.002  0.000  0.000  0.000  0.000  0.918  0.068  0.003	8
  3:	0.000  0.001  0.000  0.001  0.000  0.000  0.000  0.104  0.000  0.000  0.893  0.000  0.001	10
  4:	0.000  0.001  0.002  0.001  0.000  0.001  0.000  0.000  0.062  0.000  0.932  0.000  0.001	10
  5:	0.163  0.002  0.000  0.001  0.000  0.001  0.000  0.000  0.000  0.001  0.831  0.000  0.001	10
  6:	0.000  0.001  0.000  0.001  0.000  0.001  0.000  0.097  0.000  0.000  0.900  0.000  0.001	10
  7:	0.000  0.000  0.078  0.000  0.000  0.000  0.000  0.000  0.000  0.000  0.921  0.000  0.000	10
  8:	0.000  0.003  0.001  0.003  0.001  0.002  0.000  0.000  0.002  0.000  0.895  0.089  0.003	10
  9:	0.000  0.001  0.024  0.001  0.000  0.000  0.000  0.000  0.000  0.000  0.973  0.000  0.001	10
 10:	0.000  0.000  0.018  0.000  0.000  0.000  0.000  0.000  0.000  0.000  0.980  0.000  0.000	10
 11:	0.000  0.002  0.000  0.003  0.009  0.003  0.000  0.000  0.103  0.000  0.872  0.004  0.003	10
 12:	0.000  0.001  0.000  0.002  0.101  0.006  0.002  0.000  0.000  0.000  0.886  0.000  0.001	10
 13:	0.000  0.002  0.000  0.002  0.000  0.002  0.144  0.000  0.000  0.000  0.849  0.000  0.002	10
 14:	0.000  0.001  0.000  0.001  0.000  0.001  0.000  0.000  0.000  0.280  0.716  0.000  0.001	10
 15:	0.001  0.001  0.000  0.001  0.000  0.001  0.000  0.000  0.000  0.298  0.698  0.000  0.001	10
 16:	0.000  0.003  0.097  0.003  0.000  0.001  0.000  0.000  0.002  0.000  0.889  0.002  0.002	10
 17:	0.000  0.002  0.002  0.002  0.114  0.002  0.000  0.000  0.002  0.000  0.870  0.005  0.002	10
 18:	0.167  0.002  0.000  0.002  0.000  0.001  0.000  0.000  0.000  0.021  0.806  0.000  0.002	10

  1:	0.823  0.000  0.000  0.148  0.000  0.001  0.000  0.000  0.000  0.026  0.000  0.000  0.000	10
  2:	0.909  0.000  0.002  0.000  0.000  0.071  0.000  0.000  0.006  0.002  0.005  0.000  0.003	8
  3:	0.885  0.000  0.000  0.000  0.000  0.000  0.000  0.111  0.001  0.000  0.001  0.000  0.000	10
  4:	0.905  0.000  0.000  0.000  0.000  0.000  0.000  0.000  0.002  0.000  0.002  0.000  0.089	10
  5:	0.824  0.170  0.000  0.000  0.000  0.000  0.000  0.000  0.002  0.000  0.003  0.000  0.000	10
  6:	0.891  0.000  0.000  0.000  0.000  0.000  0.000  0.105  0.001  0.000  0.002  0.000  0.000	10
  7:	0.860  0.000  0.000  0.138  0.000  0.000  0.000  0.000  0.000  0.000  0.000  0.000  0.000	10
  8:	0.883  0.000  0.004  0.002  0.000  0.094  0.000  0.001  0.005  0.001  0.007  0.001  0.001	10
  9:	0.942  0.000  0.000  0.056  0.000  0.000  0.000  0.000  0.001  0.000  0.001  0.000  0.000	10
 10:	0.949  0.000  0.000  0.049  0.000  0.000  0.000  0.000  0.001  0.000  0.001  0.000  0.000	10
 11:	0.852  0.000  0.006  0.000  0.001  0.008  0.000  0.001  0.008  0.001  0.007  0.116  0.001	10
 12:	0.877  0.000  0.000  0.000  0.001  0.000  0.000  0.000  0.001  0.013  0.001  0.107  0.000	10
 13:	0.837  0.000  0.000  0.000  0.154  0.000  0.000  0.000  0.003  0.000  0.003  0.001  0.000	10
 14:	0.878  0.000  0.000  0.000  0.000  0.000  0.117  0.000  0.002  0.000  0.002  0.000  0.000	10
 15:	0.874  0.001  0.000  0.000  0.000  0.000  0.121  0.000  0.002  0.000  0.002  0.000  0.000	10
 16:	0.877  0.000  0.001  0.000  0.000  0.001  0.000  0.000  0.002  0.000  0.003  0.000  0.116	10
 17:	0.856  0.000  0.134  0.000  0.000  0.001  0.000  0.000  0.003  0.000  0.002  0.003  0.001	10
 18:	0.815  0.176  0.000  0.000  0.000  0.000  0.001  0.000  0.003  0.000  0.004  0.000  0.000	10

  1:	0.000  0.000  0.003  0.000  0.000  0.001  0.002  0.004  0.408  0.003  0.007  0.001  0.571	10
  2:	0.000  0.000  0.006  0.000  0.000  0.010  0.038  0.006  0.042  0.000  0.063  0.000  0.834	8
  3:	0.000  0.000  0.002  0.000  0.000  0.000  0.000  0.002  0.001  0.382  0.000  0.000  0.613	10
  4:	0.000  0.000  0.002  0.000  0.000  0.000  0.278  0.002  0.035  0.001  0.001  0.000  0.680	10
  5:	0.000  0.199  0.004  0.215  0.006  0.000  0.000  0.004  0.000  0.000  0.000  0.000  0.571	10
  6:	0.000  0.000  0.002  0.000  0.000  0.000  0.001  0.002  0.001  0.379  0.000  0.000  0.615	10
  7:	0.000  0.000  0.000  0.000  0.000  0.000  0.000  0.001  0.399  0.000  0.000  0.000  0.600	10
  8:	0.000  0.000  0.007  0.000  0.000  0.019  0.015  0.005  0.069  0.002  0.082  0.003  0.798	10
  9:	0.000  0.000  0.001  0.000  0.000  0.000  0.000  0.001  0.334  0.000  0.000  0.000  0.664	10
 10:	0.000  0.000  0.000  0.000  0.000  0.000  0.000  0.000  0.328  0.000  0.000  0.000  0.670	10
 11:	0.001  0.000  0.004  0.000  0.000  0.003  0.002  0.003  0.004  0.001  0.001  0.133  0.849	10
 12:	0.063  0.000  0.006  0.000  0.000  0.001  0.000  0.005  0.000  0.000  0.003  0.001  0.920	10
 13:	0.128  0.000  0.005  0.000  0.000  0.000  0.000  0.006  0.002  0.000  0.001  0.001  0.856	10
 14:	0.000  0.000  0.002  0.422  0.000  0.000  0.000  0.002  0.000  0.000  0.000  0.000  0.573	10
 15:	0.000  0.000  0.002  0.429  0.000  0.000  0.000  0.002  0.000  0.000  0.000  0.000  0.566	10
 16:	0.000  0.000  0.003  0.000  0.000  0.001  0.326  0.004  0.010  0.002  0.001  0.000  0.654	10
 17:	0.000  0.000  0.003  0.000  0.000  0.128  0.008  0.003  0.005  0.000  0.001  0.001  0.850	10
 18:	0.000  0.027  0.004  0.222  0.182  0.000  0.000  0.004  0.000  0.000  0.000  0.000  0.561	10

  1:	0.000  0.001  0.001  0.000  0.000  0.000  0.134  0.001  0.861  0.000  0.000  0.001  0.000	10
  2:	0.000  0.003  0.003  0.016  0.000  0.000  0.000  0.005  0.913  0.001  0.058  0.000  0.000	8
  3:	0.000  0.001  0.001  0.000  0.000  0.000  0.083  0.001  0.913  0.000  0.000  0.000  0.000	10
  4:	0.000  0.000  0.000  0.001  0.000  0.000  0.000  0.000  0.908  0.000  0.000  0.090  0.000	10
  5:	0.157  0.002  0.002  0.000  0.000  0.000  0.000  0.002  0.837  0.000  0.000  0.000  0.000	10
  6:	0.000  0.001  0.001  0.000  0.000  0.000  0.077  0.001  0.919  0.000  0.000  0.000  0.000	10
  7:	0.000  0.000  0.000  0.000  0.000  0.000  0.080  0.000  0.919  0.000  0.000  0.001  0.000	10
  8:	0.000  0.003  0.004  0.019  0.000  0.003  0.001  0.004  0.888  0.001  0.076  0.000  0.000	10
  9:	0.000  0.000  0.000  0.000  0.000  0.000  0.000  0.000  0.972  0.000  0.000  0.028  0.000	10
 10:	0.000  0.000  0.000  0.000  0.000  0.000  0.000  0.000  0.977  0.000  0.000  0.022  0.000	10
 11:	0.000  0.001  0.002  0.000  0.000  0.126  0.000  0.002  0.863  0.004  0.001  0.000  0.000	10
 12:	0.000  0.007  0.001  0.000  0.003  0.001  0.000  0.001  0.886  0.099  0.002  0.000  0.000	10
 13:	0.000  0.002  0.002  0.000  0.148  0.000  0.000  0.003  0.845  0.000  0.000  0.000  0.000	10
 14:	0.000  0.001  0.001  0.000  0.000  0.000  0.000  0.001  0.879  0.000  0.000  0.000  0.117	10
 15:	0.001  0.001  0.001  0.000  0.000  0.000  0.000  0.001  0.875  0.000  0.000  0.000  0.121	10
 16:	0.000  0.001  0.001  0.115  0.000  0.000  0.000  0.001  0.880  0.000  0.001  0.001  0.000	10
 17:	0.000  0.003  0.003  0.005  0.000  0.002  0.000  0.002  0.870  0.109  0.005  0.001  0.000	10
 18:	0.162  0.002  0.003  0.000  0.000  0.000  0.000  0.003  0.828  0.000  0.000  0.000  0.002	10

  1:	0.199  0.001  0.000  0.790  0.001  0.003  0.001  0.000  0.001  0.001  0.003  0.000  0.000	10
  2:	0.000  0.000  0.000  0.905  0.000  0.006  0.076  0.000  0.002  0.002  0.008  0.000  0.000	8
  3:	0.000  0.000  0.000  0.883  0.000  0.002  0.000  0.000  0.000  0.000  0.002  0.000  0.113	10
  4:	0.001  0.000  0.000  0.908  0.000  0.003  0.000  0.000  0.084  0.000  0.003  0.000  0.000	10
  5:	0.000  0.000  0.000  0.827  0.000  0.003  0.000  0.000  0.000  0.000  0.003  0.167  0.000	10
  6:	0.000  0.000  0.000  0.889  0.000  0.002  0.000  0.000  0.000  0.000  0.002  0.000  0.106	10
  7:	0.157  0.000  0.000  0.842  0.000  0.000  0.000  0.000  0.000  0.000  0.000  0.000  0.000	10
  8:	0.002  0.003  0.000  0.877  0.000  0.005  0.098  0.000  0.001  0.004  0.009  0.000  0.001	10
  9:	0.065  0.000  0.000  0.932  0.000  0.001  0.000  0.000  0.000  0.000  0.001  0.000  0.000	10
 10:	0.060  0.000  0.000  0.939  0.000  0.001  0.000  0.000  0.000  0.000  0.000  0.000  0.000	10
 11:	0.000  0.135  0.000  0.850  0.004  0.003  0.001  0.000  0.000  0.003  0.003  0.000  0.000	10
 12:	0.000  0.000  0.000  0.833  0.160  0.003  0.000  0.002  0.000  0.000  0.002  0.000  0.000	10
 13:	0.000  0.000  0.000  0.835  0.000  0.004  0.000  0.156  0.000  0.000  0.004  0.000  0.000	10
 14:	0.000  0.000  0.118  0.877  0.000  0.002  0.000  0.000  0.000  0.000  0.003  0.000  0.000	10
 15:	0.000  0.000  0.122  0.873  0.000  0.002  0.000  0.000  0.000  0.000  0.002  0.001  0.000	10
 16:	0.000  0.000  0.000  0.880  0.000  0.004  0.001  0.000  0.110  0.001  0.003  0.000  0.000	10
 17:	0.000  0.001  0.000  0.849  0.002  0.002  0.001  0.000  0.001  0.142  0.002  0.000  0.000	10
 18:	0.000  0.000  0.002  0.817  0.000  0.004  0.000  0.000  0.000  0.000  0.004  0.173  0.000	10

  1:	0.000  0.000  0.000  0.023  0.000  0.001  0.000  0.000  0.000  0.000  0.826  0.000  0.148	10
  2:	0.001  0.000  0.005  0.000  0.000  0.077  0.007  0.000  0.000  0.000  0.908  0.002  0.000	8
  3:	0.000  0.000  0.001  0.000  0.110  0.000  0.001  0.000  0.000  0.000  0.887  0.000  0.000	10
  4:	0.000  0.000  0.003  0.000  0.000  0.000  0.002  0.000  0.000  0.000  0.911  0.082  0.000	10
  5:	0.000  0.000  0.002  0.000  0.000  0.000  0.003  0.000  0.000  0.170  0.824  0.000  0.000	10
  6:	0.000  0.000  0.002  0.000  0.103  0.000  0.002  0.000  0.000  0.000  0.893  0.000  0.000	10
  7:	0.000  0.000  0.000  0.000  0.000  0.000  0.000  0.000  0.000  0.000  0.864  0.000  0.135	10
  8:	0.003  0.000  0.006  0.000  0.000  0.101  0.005  0.001  0.000  0.000  0.882  0.001  0.001	10
  9:	0.000  0.000  0.001  0.000  0.000  0.000  0.001  0.000  0.000  0.000  0.944  0.000  0.053	10
 10:	0.000  0.000  0.000  0.000  0.000  0.000  0.000  0.000  0.000  0.000  0.951  0.000  0.047	10
 11:	0.006  0.000  0.007  0.000  0.001  0.010  0.008  0.106  0.001  0.000  0.860  0.001  0.000	10
 12:	0.000  0.000  0.001  0.014  0.000  0.000  0.001  0.098  0.001  0.000  0.885  0.000  0.000	10
 13:	0.000  0.000  0.003  0.000  0.000  0.000  0.004  0.001  0.145  0.000  0.847  0.000  0.000	10
 14:	0.000  0.120  0.002  0.000  0.000  0.000  0.002  0.000  0.000  0.000  0.875  0.000  0.000	10
 15:	0.000  0.125  0.002  0.000  0.000  0.000  0.002  0.000  0.000  0.001  0.871  0.000  0.000	10
 16:	0.001  0.000  0.003  0.000  0.000  0.001  0.003  0.000  0.000  0.000  0.884  0.108  0.000	10
 17:	0.136  0.000  0.002  0.000  0.000  0.001  0.002  0.002  0.000  0.000  0.856  0.001  0.000	10
 18:	0.000  0.001  0.003  0.000  0.000  0.000  0.003  0.000  0.000  0.177  0.815  0.000  0.000	10

  1:	0.000  0.000  0.885  0.112  0.000  0.000  0.000  0.000  0.000  0.000  0.000  0.000  0.000	10
  2:	0.000  0.000  0.903  0.067  0.006  0.001  0.003  0.000  0.005  0.004  0.004  0.004  0.003	8
  3:	0.000  0.000  0.662  0.000  0.000  0.334  0.000  0.000  0.001  0.001  0.000  0.001  0.001	10
  4:	0.000  0.000  0.910  0.000  0.000  0.000  0.083  0.000  0.001  0.001  0.001  0.001  0.001	10
  5:	0.000  0.003  0.786  0.000  0.000  0.000  0.000  0.205  0.001  0.001  0.000  0.001  0.001	10
  6:	0.000  0.000  0.671  0.000  0.000  0.325  0.000  0.000  0.001  0.001  0.000  0.001  0.001	10
  7:	0.000  0.000  0.937  0.062  0.000  0.000  0.000  0.000  0.000  0.000  0.000  0.000  0.000	10
  8:	0.000  0.000  0.872  0.087  0.013  0.003  0.002  0.000  0.003  0.004  0.007  0.005  0.003	10
  9:	0.000  0.000  0.989  0.007  0.000  0.000  0.000  0.000  0.001  0.001  0.000  0.001  0.001	10
 10:	0.000  0.000  0.992  0.005  0.000  0.000  0.000  0.000  0.001  0.001  0.000  0.001  0.001	10
 11:	0.001  0.000  0.792  0.002  0.092  0.003  0.000  0.000  0.003  0.003  0.097  0.003  0.002	10
 12:	0.003  0.000  0.799  0.000  0.002  0.000  0.000  0.000  0.003  0.003  0.187  0.003  0.001	10
 13:	0.158  0.000  0.833  0.000  0.000  0.000  0.000  0.000  0.001  0.002  0.002  0.001  0.002	10
 14:	0.000  0.813  0.183  0.000  0.000  0.000  0.000  0.000  0.001  0.001  0.000  0.001  0.001	10
 15:	0.000  0.854  0.142  0.000  0.000  0.000  0.000  0.000  0.001  0.001  0.000  0.001  0.001	10
 16:	0.000  0.000  0.881  0.000  0.000  0.001  0.111  0.000  0.001  0.001  0.000  0.002  0.002	10
 17:	0.000  0.000  0.791  0.004  0.002  0.000  0.003  0.000  0.003  0.002  0.190  0.003  0.002	10
 18:	0.000  0.105  0.690  0.000  0.000  0.000  0.000  0.199  0.002  0.002  0.000  0.002  0.002	10

  1:	0.002  0.002  0.000  0.001  0.001  0.002  0.000  0.162  0.001  0.826  0.002  0.000  0.000	10
  2:	0.004  0.077  0.000  0.002  0.000  0.003  0.000  0.000  0.000  0.910  0.004  0.000  0.000	8
  3:	0.001  0.000  0.000  0.000  0.000  0.001  0.000  0.000  0.000  0.888  0.001  0.000  0.109	10
  4:	0.001  0.000  0.000  0.079  0.000  0.002  0.000  0.000  0.000  0.914  0.002  0.000  0.000	10
  5:	0.002  0.000  0.000  0.000  0.000  0.002  0.000  0.000  0.000  0.834  0.002  0.159  0.000	10
  6:	0.001  0.000  0.000  0.000  0.000  0.001  0.000  0.000  0.000  0.894  0.001  0.000  0.102	10
  7:	0.000  0.000  0.000  0.000  0.000  0.000  0.000  0.135  0.000  0.864  0.000  0.000  0.000	10
  8:	0.004  0.101  0.000  0.001  0.001  0.003  0.000  0.001  0.002  0.884  0.003  0.000  0.000	10
  9:	0.001  0.000  0.000  0.000  0.000  0.001  0.000  0.053  0.000  0.945  0.001  0.000  0.000	10
 10:	0.000  0.000  0.000  0.000  0.000  0.000  0.000  0.048  0.000  0.950  0.000  0.000  0.000	10
 11:	0.003  0.003  0.000  0.000  0.021  0.002  0.000  0.000  0.106  0.861  0.003  0.000  0.000	10
 12:	0.003  0.000  0.003  0.000  0.105  0.003  0.000  0.000  0.002  0.882  0.002  0.000  0.000	10
 13:	0.002  0.000  0.146  0.000  0.000  0.002  0.000  0.000  0.000  0.846  0.003  0.000  0.000	10
 14:	0.001  0.000  0.000  0.000  0.000  0.001  0.108  0.000  0.000  0.885  0.001  0.003  0.000	10
 15:	0.001  0.000  0.000  0.000  0.000  0.001  0.112  0.000  0.000  0.881  0.001  0.003  0.000	10
 16:	0.002  0.001  0.000  0.104  0.000  0.001  0.000  0.000  0.000  0.889  0.002  0.000  0.000	10
 17:	0.002  0.005  0.000  0.003  0.118  0.002  0.000  0.000  0.001  0.865  0.003  0.000  0.000	10
 18:	0.002  0.000  0.000  0.000  0.000  0.002  0.002  0.000  0.000  0.825  0.003  0.165  0.000	10

  1:	0.001  0.001  0.806  0.000  0.001  0.000  0.001  0.001  0.001  0.177  0.000  0.001  0.011	10
  2:	0.000  0.003  0.916  0.000  0.021  0.000  0.004  0.001  0.045  0.000  0.000  0.003  0.004	8
  3:	0.000  0.000  0.889  0.109  0.000  0.000  0.001  0.000  0.000  0.000  0.000  0.001  0.000	10
  4:	0.000  0.082  0.912  0.000  0.000  0.000  0.002  0.001  0.000  0.000  0.000  0.002  0.000	10
  5:	0.000  0.000  0.830  0.000  0.000  0.164  0.003  0.000  0.000  0.000  0.000  0.001  0.001	10
  6:	0.000  0.000  0.895  0.102  0.000  0.000  0.001  0.000  0.000  0.000  0.000  0.001  0.000	10
  7:	0.000  0.000  0.850  0.000  0.000  0.000  0.000  0.000  0.000  0.150  0.000  0.000  0.000	10
  8:	0.001  0.001  0.891  0.001  0.029  0.000  0.003  0.003  0.060  0.002  0.000  0.007  0.001	10
  9:	0.000  0.000  0.938  0.000  0.000  0.000  0.001  0.000  0.000  0.060  0.000  0.001  0.000	10
 10:	0.000  0.000  0.945  0.000  0.000  0.000  0.000  0.000  0.000  0.054  0.000  0.000  0.000	10
 11:	0.048  0.001  0.863  0.000  0.005  0.000  0.004  0.070  0.003  0.000  0.000  0.004  0.001	10
 12:	0.133  0.000  0.856  0.000  0.000  0.000  0.001  0.002  0.000  0.000  0.001  0.002  0.004	10
 13:	0.000  0.000  0.840  0.000  0.000  0.000  0.003  0.000  0.000  0.000  0.153  0.002  0.001	10
 14:	0.000  0.000  0.915  0.000  0.000  0.060  0.002  0.000  0.000  0.000  0.000  0.001  0.021	10
 15:	0.000  0.000  0.912  0.000  0.000  0.064  0.001  0.000  0.000  0.000  0.000  0.001  0.022	10
 16:	0.000  0.107  0.886  0.000  0.001  0.000  0.003  0.000  0.001  0.000  0.000  0.002  0.000	10
 17:	0.004  0.002  0.878  0.000  0.110  0.000  0.002  0.001  0.001  0.000  0.000  0.002  0.001	10
 18:	0.000  0.000  0.820  0.000  0.000  0.173  0.002  0.000  0.000  0.000  0.000  0.003  0.001	10

  1:	0.001  0.002  0.002  0.149  0.001  0.002  0.000  0.000  0.838  0.000  0.002  0.004  0.001	10
  2:	0.010  0.003  0.002  0.000  0.000  0.003  0.000  0.000  0.917  0.000  0.003  0.061  0.000	8
  3:	0.000  0.001  0.001  0.000  0.000  0.001  0.000  0.104  0.894  0.000  0.001  0.000  0.000	10
  4:	0.064  0.001  0.001  0.000  0.000  0.001  0.000  0.000  0.915  0.000  0.001  0.000  0.015	10
  5:	0.000  0.001  0.001  0.000  0.000  0.001  0.000  0.000  0.833  0.162  0.001  0.000  0.000	10
  6:	0.000  0.001  0.001  0.000  0.000  0.001  0.000  0.097  0.899  0.000  0.001  0.000  0.000	10
  7:	0.000  0.000  0.000  0.126  0.000  0.000  0.000  0.000  0.873  0.000  0.000  0.000  0.000	10
  8:	0.010  0.003  0.003  0.001  0.001  0.003  0.000  0.000  0.894  0.000  0.002  0.079  0.002	10
  9:	0.000  0.001  0.001  0.051  0.000  0.000  0.000  0.000  0.947  0.000  0.001  0.000  0.000	10
 10:	0.000  0.000  0.000  0.046  0.000  0.000  0.000  0.000  0.953  0.000  0.000  0.000  0.000	10
 11:	0.001  0.001  0.002  0.000  0.006  0.003  0.000  0.000  0.866  0.000  0.002  0.001  0.118	10
 12:	0.000  0.002  0.003  0.000  0.103  0.003  0.003  0.000  0.884  0.000  0.002  0.001  0.000	10
 13:	0.000  0.001  0.001  0.000  0.000  0.001  0.151  0.000  0.843  0.000  0.001  0.000  0.000	10
 14:	0.000  0.001  0.001  0.000  0.000  0.001  0.000  0.000  0.923  0.072  0.001  0.000  0.000	10
 15:	0.000  0.001  0.001  0.000  0.000  0.001  0.000  0.000  0.920  0.077  0.001  0.000  0.000	10
 16:	0.109  0.001  0.001  0.000  0.000  0.001  0.000  0.000  0.884  0.000  0.001  0.001  0.000	10
 17:	0.004  0.002  0.002  0.000  0.116  0.002  0.000  0.000  0.867  0.000  0.002  0.004  0.002	10
 18:	0.000  0.001  0.002  0.000  0.000  0.001  0.000  0.000  0.823  0.171  0.002  0.000  0.000	10

