  1:	0.000  0.809  0.000  0.000  0.000  0.000  0.000  0.000  0.000  0.000  0.036  0.000  0.153  0.000  0.000	10
  2:	0.003  0.912  0.002  0.000  0.004  0.003  0.062  0.000  0.000  0.000  0.001  0.000  0.000  0.008  0.003	8
  3:	0.001  0.885  0.000  0.000  0.001  0.000  0.000  0.000  0.112  0.000  0.000  0.000  0.000  0.000  0.001	10
  4:	0.000  0.904  0.000  0.000  0.000  0.000  0.000  0.000  0.000  0.000  0.000  0.000  0.000  0.095  0.000	10
  5:	0.001  0.824  0.001  0.000  0.001  0.000  0.000  0.000  0.000  0.000  0.000  0.170  0.000  0.000  0.002	10
  6:	0.001  0.892  0.001  0.000  0.001  0.000  0.000  0.000  0.105  0.000  0.000  0.000  0.000  0.000  0.001	10
  7:	0.000  0.842  0.000  0.000  0.000  0.000  0.000  0.000  0.000  0.000  0.000  0.000  0.156  0.000  0.000	10
  8:	0.003  0.887  0.003  0.000  0.004  0.004  0.082  0.000  0.000  0.001  0.000  0.000  0.002  0.011  0.004	10
  9:	0.001  0.934  0.000  0.000  0.001  0.000  0.000  0.000  0.000  0.000  0.000  0.000  0.064  0.000  0.001	10
 10:	0.000  0.942  0.000  0.000  0.000  0.000  0.000  0.000  0.000  0.000  0.000  0.000  0.056  0.000  0.000	10
 11:	0.003  0.855  0.043  0.000  0.004  0.004  0.006  0.000  0.001  0.080  0.000  0.000  0.000  0.001  0.004	10
 12:	0.000  0.861  0.000  0.000  0.000  0.000  0.000  0.001  0.000  0.124  0.012  0.000  0.000  0.000  0.000	10
 13:	0.002  0.840  0.001  0.000  0.003  0.000  0.000  0.150  0.000  0.001  0.000  0.000  0.000  0.000  0.002	10
 14:	0.001  0.872  0.001  0.124  0.001  0.000  0.000  0.000  0.000  0.000  0.000  0.000  0.000  0.000  0.001	10
 15:	0.001  0.867  0.000  0.129  0.001  0.000  0.000  0.000  0.000  0.000  0.000  0.000  0.000  0.000  0.001	10
 16:	0.002  0.902  0.001  0.000  0.002  0.082  0.001  0.000  0.000  0.000  0.000  0.000  0.001  0.006  0.002	10
 17:	0.002  0.870  0.002  0.000  0.003  0.108  0.002  0.000  0.000  0.009  0.000  0.000  0.000  0.001  0.002	10
 18:	0.002  0.815  0.001  0.001  0.002  0.000  0.000  0.000  0.000  0.000  0.000  0.176  0.000  0.000  0.002	10

  1:	0.032  0.000  0.000  0.000  0.000  0.000  0.000  0.800  0.000  0.000  0.166  0.000  0.000  0.000  0.000	10
  2:	0.001  0.003  0.000  0.069  0.000  0.001  0.000  0.914  0.003  0.003  0.000  0.000  0.003  0.003  0.000	8
  3:	0.000  0.001  0.000  0.000  0.000  0.000  0.000  0.889  0.001  0.000  0.000  0.000  0.001  0.001  0.108	10
  4:	0.000  0.001  0.000  0.000  0.000  0.000  0.000  0.906  0.001  0.086  0.000  0.000  0.002  0.001  0.000	10
  5:	0.000  0.001  0.000  0.000  0.000  0.000  0.171  0.823  0.001  0.000  0.000  0.000  0.002  0.001  0.000	10
  6:	0.000  0.001  0.000  0.000  0.000  0.000  0.000  0.894  0.001  0.000  0.000  0.000  0.001  0.001  0.102	10
  7:	0.000  0.000  0.000  0.000  0.000  0.000  0.000  0.837  0.000  0.000  0.162  0.000  0.000  0.000  0.000	10
  8:	0.000  0.003  0.000  0.091  0.003  0.001  0.000  0.889  0.003  0.001  0.002  0.000  0.003  0.003  0.001	10
  9:	0.000  0.001  0.000  0.000  0.000  0.000  0.000  0.930  0.001  0.000  0.067  0.000  0.001  0.001  0.000	10
 10:	0.000  0.000  0.000  0.000  0.000  0.000  0.000  0.939  0.000  0.000  0.059  0.000  0.000  0.000  0.000	10
 11:	0.000  0.002  0.000  0.002  0.118  0.006  0.000  0.865  0.002  0.000  0.000  0.000  0.002  0.002  0.000	10
 12:	0.013  0.000  0.000  0.000  0.000  0.108  0.000  0.875  0.001  0.000  0.000  0.001  0.001  0.000  0.000	10
 13:	0.000  0.002  0.000  0.000  0.000  0.000  0.000  0.838  0.002  0.000  0.000  0.154  0.002  0.002  0.000	10
 14:	0.000  0.001  0.135  0.000  0.000  0.000  0.000  0.862  0.001  0.000  0.000  0.000  0.001  0.001  0.000	10
 15:	0.000  0.001  0.140  0.000  0.000  0.000  0.000  0.856  0.001  0.000  0.000  0.000  0.001  0.001  0.000	10
 16:	0.000  0.001  0.000  0.001  0.000  0.000  0.000  0.878  0.002  0.114  0.000  0.000  0.002  0.001  0.000	10
 17:	0.000  0.001  0.000  0.004  0.001  0.126  0.000  0.857  0.002  0.004  0.000  0.000  0.002  0.002  0.000	10
 18:	0.000  0.002  0.002  0.000  0.000  0.000  0.178  0.813  0.001  0.000  0.000  0.000  0.002  0.002  0.000	10

  1:	0.000  0.000  0.001  0.000  0.000  0.035  0.155  0.000  0.001  0.000  0.000  0.000  0.000  0.000  0.807	10
  2:	0.000  0.002  0.078  0.000  0.003  0.001  0.000  0.003  0.005  0.000  0.001  0.000  0.000  0.000  0.905	8
  3:	0.000  0.000  0.000  0.000  0.001  0.000  0.000  0.001  0.000  0.000  0.000  0.000  0.114  0.000  0.883	10
  4:	0.000  0.083  0.000  0.000  0.002  0.001  0.000  0.002  0.000  0.000  0.000  0.000  0.000  0.000  0.909	10
  5:	0.000  0.000  0.000  0.000  0.003  0.000  0.000  0.003  0.000  0.000  0.003  0.185  0.000  0.000  0.805	10
  6:	0.000  0.000  0.000  0.000  0.001  0.000  0.000  0.001  0.000  0.000  0.000  0.000  0.110  0.000  0.887	10
  7:	0.000  0.000  0.000  0.000  0.000  0.000  0.156  0.000  0.000  0.000  0.000  0.000  0.000  0.000  0.843	10
  8:	0.001  0.001  0.101  0.000  0.003  0.008  0.002  0.002  0.001  0.002  0.000  0.000  0.000  0.000  0.878	10
  9:	0.000  0.000  0.000  0.000  0.001  0.000  0.063  0.001  0.000  0.000  0.000  0.000  0.000  0.000  0.934	10
 10:	0.000  0.000  0.000  0.000  0.000  0.000  0.055  0.000  0.000  0.000  0.000  0.000  0.000  0.000  0.943	10
 11:	0.006  0.000  0.003  0.000  0.005  0.000  0.000  0.003  0.000  0.124  0.000  0.000  0.000  0.000  0.857	10
 12:	0.105  0.000  0.000  0.000  0.000  0.001  0.000  0.000  0.013  0.001  0.000  0.000  0.000  0.002  0.877	10
 13:	0.000  0.000  0.000  0.000  0.004  0.000  0.000  0.003  0.000  0.000  0.001  0.000  0.000  0.149  0.841	10
 14:	0.000  0.000  0.000  0.149  0.002  0.000  0.000  0.001  0.000  0.000  0.000  0.000  0.000  0.000  0.847	10
 15:	0.000  0.000  0.000  0.157  0.001  0.000  0.000  0.001  0.000  0.000  0.000  0.000  0.000  0.000  0.839	10
 16:	0.000  0.109  0.001  0.000  0.003  0.000  0.000  0.003  0.000  0.000  0.000  0.000  0.000  0.000  0.882	10
 17:	0.120  0.004  0.006  0.000  0.004  0.001  0.000  0.003  0.000  0.001  0.001  0.000  0.000  0.000  0.859	10
 18:	0.000  0.000  0.000  0.004  0.003  0.000  0.000  0.003  0.000  0.000  0.094  0.101  0.000  0.000  0.795	10

  1:	0.001  0.001  0.272  0.000  0.000  0.000  0.001  0.001  0.000  0.000  0.000  0.001  0.025  0.000  0.699	10
  2:	0.003  0.003  0.001  0.000  0.000  0.000  0.002  0.069  0.000  0.001  0.000  0.003  0.000  0.002  0.915	8
  3:	0.001  0.001  0.021  0.000  0.000  0.000  0.001  0.000  0.000  0.079  0.000  0.001  0.000  0.000  0.896	10
  4:	0.000  0.000  0.000  0.000  0.000  0.000  0.000  0.000  0.000  0.000  0.000  0.000  0.092  0.000  0.907	10
  5:	0.001  0.001  0.010  0.000  0.174  0.000  0.001  0.000  0.000  0.000  0.000  0.001  0.000  0.000  0.811	10
  6:	0.001  0.001  0.014  0.000  0.000  0.000  0.001  0.000  0.000  0.072  0.000  0.001  0.000  0.000  0.909	10
  7:	0.000  0.000  0.254  0.000  0.000  0.000  0.000  0.000  0.000  0.000  0.000  0.000  0.003  0.000  0.741	10
  8:	0.003  0.003  0.004  0.002  0.000  0.000  0.003  0.089  0.000  0.001  0.000  0.003  0.000  0.003  0.889	10
  9:	0.001  0.001  0.154  0.000  0.000  0.000  0.001  0.000  0.000  0.000  0.000  0.001  0.000  0.000  0.844	10
 10:	0.000  0.000  0.142  0.000  0.000  0.000  0.000  0.000  0.000  0.000  0.000  0.000  0.000  0.000  0.857	10
 11:	0.001  0.003  0.002  0.130  0.000  0.003  0.002  0.001  0.000  0.000  0.000  0.002  0.000  0.003  0.853	10
 12:	0.001  0.001  0.003  0.000  0.000  0.158  0.001  0.000  0.002  0.000  0.000  0.001  0.000  0.000  0.834	10
 13:	0.002  0.002  0.001  0.000  0.000  0.000  0.002  0.000  0.150  0.000  0.000  0.002  0.000  0.000  0.840	10
 14:	0.001  0.001  0.000  0.000  0.000  0.000  0.001  0.000  0.000  0.000  0.179  0.001  0.000  0.000  0.817	10
 15:	0.001  0.001  0.000  0.000  0.001  0.000  0.001  0.000  0.000  0.000  0.187  0.001  0.000  0.000  0.809	10
 16:	0.001  0.002  0.002  0.000  0.000  0.000  0.002  0.001  0.000  0.095  0.000  0.003  0.006  0.001  0.888	10
 17:	0.001  0.001  0.001  0.001  0.000  0.002  0.001  0.001  0.000  0.000  0.000  0.001  0.000  0.134  0.856	10
 18:	0.001  0.002  0.003  0.000  0.180  0.000  0.002  0.000  0.000  0.000  0.013  0.002  0.000  0.000  0.798	10

  1:	0.001  0.001  0.010  0.000  0.005  0.000  0.001  0.830  0.000  0.001  0.000  0.001  0.150  0.000  0.000	10
  2:	0.002  0.002  0.044  0.001  0.002  0.000  0.002  0.915  0.000  0.002  0.000  0.002  0.000  0.027  0.000	8
  3:	0.000  0.000  0.000  0.000  0.000  0.000  0.000  0.886  0.112  0.000  0.000  0.000  0.000  0.000  0.000	10
  4:	0.082  0.001  0.000  0.000  0.001  0.000  0.001  0.911  0.000  0.001  0.000  0.001  0.000  0.000  0.000	10
  5:	0.000  0.001  0.000  0.000  0.001  0.000  0.001  0.827  0.000  0.001  0.000  0.001  0.000  0.000  0.167	10
  6:	0.000  0.001  0.000  0.000  0.000  0.000  0.001  0.893  0.104  0.000  0.000  0.000  0.000  0.000  0.000	10
  7:	0.000  0.000  0.000  0.000  0.000  0.000  0.000  0.866  0.000  0.000  0.000  0.000  0.133  0.000  0.000	10
  8:	0.001  0.003  0.054  0.003  0.002  0.000  0.003  0.891  0.000  0.002  0.000  0.002  0.002  0.038  0.000	10
  9:	0.000  0.000  0.000  0.000  0.000  0.000  0.000  0.944  0.000  0.000  0.000  0.000  0.053  0.000  0.000	10
 10:	0.000  0.000  0.000  0.000  0.000  0.000  0.000  0.951  0.000  0.000  0.000  0.000  0.047  0.000  0.000	10
 11:	0.000  0.001  0.001  0.004  0.001  0.000  0.002  0.866  0.000  0.002  0.005  0.002  0.000  0.117  0.000	10
 12:	0.000  0.001  0.005  0.001  0.004  0.000  0.001  0.890  0.000  0.001  0.096  0.001  0.000  0.001  0.000	10
 13:	0.000  0.002  0.000  0.000  0.002  0.000  0.002  0.852  0.000  0.002  0.136  0.002  0.000  0.001  0.000	10
 14:	0.000  0.001  0.000  0.000  0.001  0.126  0.001  0.870  0.000  0.001  0.000  0.001  0.000  0.000  0.000	10
 15:	0.000  0.001  0.000  0.000  0.000  0.132  0.001  0.864  0.000  0.001  0.000  0.001  0.000  0.000  0.000	10
 16:	0.107  0.001  0.000  0.001  0.001  0.000  0.002  0.885  0.000  0.001  0.000  0.001  0.000  0.001  0.000	10
 17:	0.001  0.001  0.001  0.132  0.001  0.000  0.001  0.860  0.000  0.001  0.001  0.001  0.000  0.001  0.000	10
 18:	0.000  0.001  0.000  0.000  0.001  0.002  0.002  0.818  0.000  0.001  0.000  0.002  0.000  0.000  0.174	10

  1:	0.000  0.027  0.164  0.000  0.807  0.000  0.000  0.000  0.000  0.000  0.000  0.000  0.000  0.000  0.000	10
  2:	0.000  0.003  0.000  0.002  0.913  0.000  0.002  0.000  0.002  0.000  0.002  0.002  0.002  0.002  0.070	8
  3:	0.000  0.000  0.000  0.001  0.890  0.107  0.000  0.000  0.001  0.000  0.000  0.000  0.000  0.001  0.000	10
  4:	0.000  0.000  0.000  0.001  0.907  0.000  0.000  0.000  0.001  0.000  0.001  0.001  0.087  0.001  0.000	10
  5:	0.145  0.000  0.000  0.001  0.831  0.000  0.000  0.000  0.001  0.000  0.019  0.001  0.000  0.001  0.000	10
  6:	0.000  0.000  0.000  0.001  0.895  0.101  0.000  0.000  0.001  0.000  0.000  0.001  0.000  0.001  0.000	10
  7:	0.000  0.000  0.156  0.000  0.843  0.000  0.000  0.000  0.000  0.000  0.000  0.000  0.000  0.000  0.000	10
  8:	0.000  0.000  0.002  0.002  0.887  0.000  0.004  0.000  0.003  0.001  0.002  0.002  0.001  0.003  0.092	10
  9:	0.000  0.000  0.064  0.001  0.933  0.000  0.000  0.000  0.000  0.000  0.000  0.000  0.000  0.000  0.000	10
 10:	0.000  0.000  0.057  0.000  0.941  0.000  0.000  0.000  0.000  0.000  0.000  0.000  0.000  0.000  0.000	10
 11:	0.000  0.000  0.000  0.003  0.869  0.000  0.005  0.000  0.002  0.102  0.002  0.002  0.001  0.003  0.008	10
 12:	0.000  0.012  0.000  0.000  0.893  0.000  0.000  0.001  0.000  0.092  0.000  0.000  0.000  0.000  0.000	10
 13:	0.000  0.000  0.000  0.001  0.840  0.000  0.000  0.154  0.001  0.000  0.001  0.001  0.000  0.001  0.000	10
 14:	0.078  0.000  0.000  0.001  0.917  0.000  0.000  0.000  0.001  0.000  0.001  0.001  0.000  0.001  0.000	10
 15:	0.083  0.000  0.000  0.001  0.914  0.000  0.000  0.000  0.001  0.000  0.001  0.001  0.000  0.001  0.000	10
 16:	0.000  0.000  0.000  0.001  0.880  0.000  0.000  0.000  0.001  0.000  0.001  0.001  0.113  0.001  0.000	10
 17:	0.000  0.000  0.000  0.001  0.860  0.000  0.134  0.000  0.001  0.001  0.001  0.001  0.001  0.001  0.000	10
 18:	0.153  0.000  0.000  0.002  0.820  0.000  0.000  0.000  0.001  0.000  0.021  0.001  0.000  0.001  0.000	10

  1:	0.001  0.000  0.001  0.001  0.000  0.001  0.000  0.000  0.899  0.094  0.001  0.000  0.000  0.001  0.000	10
  2:	0.002  0.000  0.002  0.002  0.021  0.002  0.000  0.000  0.918  0.000  0.002  0.000  0.049  0.002  0.001	8
  3:	0.001  0.000  0.001  0.001  0.000  0.001  0.000  0.000  0.930  0.064  0.001  0.000  0.000  0.000  0.000	10
  4:	0.001  0.000  0.001  0.001  0.001  0.001  0.000  0.000  0.930  0.028  0.001  0.000  0.000  0.036  0.001	10
  5:	0.001  0.005  0.001  0.001  0.000  0.001  0.002  0.000  0.799  0.000  0.001  0.187  0.000  0.000  0.000	10
  6:	0.001  0.000  0.001  0.001  0.000  0.001  0.000  0.000  0.936  0.059  0.001  0.000  0.000  0.000  0.000	10
  7:	0.000  0.000  0.000  0.000  0.000  0.000  0.000  0.000  0.945  0.054  0.000  0.000  0.000  0.000  0.000	10
  8:	0.003  0.000  0.003  0.002  0.026  0.002  0.000  0.000  0.894  0.001  0.002  0.000  0.065  0.001  0.002	10
  9:	0.001  0.000  0.001  0.001  0.000  0.001  0.000  0.000  0.995  0.001  0.001  0.000  0.000  0.001  0.000	10
 10:	0.000  0.000  0.000  0.000  0.000  0.000  0.000  0.000  0.997  0.000  0.000  0.000  0.000  0.001  0.000	10
 11:	0.001  0.000  0.001  0.001  0.004  0.001  0.000  0.020  0.870  0.000  0.001  0.000  0.001  0.001  0.097	10
 12:	0.001  0.000  0.001  0.000  0.000  0.001  0.000  0.093  0.896  0.000  0.001  0.000  0.000  0.005  0.002	10
 13:	0.002  0.000  0.002  0.001  0.000  0.001  0.000  0.132  0.859  0.000  0.002  0.000  0.001  0.001  0.000	10
 14:	0.001  0.000  0.001  0.001  0.000  0.001  0.918  0.000  0.078  0.000  0.001  0.000  0.000  0.000  0.000	10
 15:	0.001  0.000  0.001  0.001  0.000  0.001  0.966  0.000  0.030  0.000  0.001  0.000  0.000  0.000  0.000	10
 16:	0.001  0.000  0.001  0.001  0.080  0.001  0.000  0.000  0.912  0.001  0.001  0.000  0.000  0.001  0.000	10
 17:	0.001  0.000  0.001  0.001  0.109  0.001  0.000  0.002  0.879  0.000  0.001  0.000  0.001  0.001  0.002	10
 18:	0.001  0.174  0.001  0.001  0.000  0.001  0.004  0.000  0.793  0.000  0.001  0.023  0.000  0.000  0.000	10

  1:	0.002  0.002  0.000  0.153  0.002  0.000  0.001  0.002  0.000  0.000  0.001  0.832  0.002  0.001  0.002	10
  2:	0.003  0.003  0.000  0.000  0.004  0.000  0.002  0.071  0.000  0.000  0.002  0.903  0.004  0.000  0.007	8
  3:	0.001  0.001  0.183  0.000  0.001  0.000  0.000  0.000  0.000  0.000  0.000  0.813  0.001  0.000  0.000	10
  4:	0.001  0.001  0.000  0.000  0.001  0.000  0.083  0.000  0.000  0.000  0.000  0.904  0.001  0.000  0.005	10
  5:	0.001  0.001  0.000  0.000  0.001  0.000  0.000  0.000  0.186  0.001  0.000  0.807  0.001  0.000  0.001	10
  6:	0.001  0.001  0.178  0.000  0.001  0.000  0.000  0.000  0.000  0.000  0.000  0.818  0.001  0.000  0.000	10
  7:	0.000  0.000  0.000  0.130  0.000  0.000  0.000  0.000  0.000  0.000  0.000  0.869  0.000  0.000  0.000	10
  8:	0.003  0.003  0.001  0.001  0.003  0.000  0.001  0.093  0.000  0.000  0.003  0.875  0.004  0.003  0.009	10
  9:	0.001  0.001  0.000  0.049  0.001  0.000  0.000  0.000  0.000  0.000  0.000  0.948  0.001  0.000  0.000	10
 10:	0.000  0.000  0.000  0.045  0.000  0.000  0.000  0.000  0.000  0.000  0.000  0.954  0.000  0.000  0.000	10
 11:	0.002  0.002  0.001  0.000  0.002  0.000  0.000  0.002  0.000  0.000  0.003  0.822  0.003  0.128  0.034	10
 12:	0.001  0.002  0.000  0.000  0.001  0.002  0.000  0.000  0.000  0.000  0.000  0.784  0.001  0.000  0.208	10
 13:	0.001  0.001  0.000  0.000  0.001  0.162  0.000  0.000  0.000  0.000  0.000  0.807  0.002  0.000  0.023	10
 14:	0.001  0.001  0.000  0.000  0.001  0.000  0.000  0.000  0.000  0.201  0.000  0.794  0.001  0.000  0.000	10
 15:	0.001  0.001  0.000  0.000  0.001  0.000  0.000  0.000  0.001  0.209  0.000  0.786  0.001  0.000  0.000	10
 16:	0.002  0.001  0.000  0.000  0.002  0.000  0.109  0.001  0.000  0.000  0.001  0.880  0.002  0.000  0.002	10
 17:	0.001  0.001  0.000  0.000  0.001  0.000  0.001  0.001  0.000  0.000  0.129  0.834  0.001  0.001  0.029	10
 18:	0.002  0.002  0.000  0.000  0.002  0.000  0.000  0.000  0.191  0.018  0.000  0.784  0.002  0.000  0.000	10

  1:	0.000  0.813  0.000  0.000  0.000  0.000  0.001  0.000  0.000  0.000  0.017  0.000  0.166  0.000  0.000	10
  2:	0.000  0.912  0.002  0.018  0.002  0.000  0.057  0.000  0.000  0.002  0.000  0.003  0.000  0.001  0.002	8
  3:	0.000  0.890  0.000  0.000  0.001  0.000  0.000  0.000  0.107  0.000  0.000  0.000  0.000  0.001  0.000	10
  4:	0.000  0.913  0.000  0.000  0.000  0.000  0.000  0.000  0.000  0.000  0.081  0.005  0.000  0.000  0.000	10
  5:	0.145  0.835  0.001  0.000  0.001  0.014  0.000  0.000  0.000  0.001  0.000  0.000  0.000  0.001  0.001	10
  6:	0.000  0.897  0.001  0.000  0.001  0.000  0.000  0.000  0.100  0.001  0.000  0.000  0.000  0.001  0.001	10
  7:	0.000  0.855  0.000  0.000  0.000  0.000  0.000  0.000  0.000  0.000  0.000  0.000  0.144  0.000  0.000	10
  8:	0.000  0.887  0.002  0.026  0.002  0.000  0.072  0.000  0.000  0.002  0.000  0.003  0.001  0.002  0.002	10
  9:	0.000  0.940  0.000  0.000  0.000  0.000  0.000  0.000  0.000  0.000  0.000  0.000  0.058  0.000  0.000	10
 10:	0.000  0.947  0.000  0.000  0.000  0.000  0.000  0.000  0.000  0.000  0.000  0.000  0.051  0.000  0.000	10
 11:	0.000  0.867  0.001  0.120  0.002  0.000  0.001  0.003  0.000  0.001  0.000  0.002  0.000  0.001  0.001	10
 12:	0.000  0.895  0.001  0.001  0.002  0.000  0.003  0.093  0.000  0.002  0.000  0.000  0.000  0.001  0.002	10
 13:	0.000  0.858  0.002  0.001  0.002  0.000  0.001  0.129  0.000  0.002  0.000  0.000  0.000  0.002  0.002	10
 14:	0.000  0.887  0.001  0.000  0.001  0.109  0.000  0.000  0.000  0.001  0.000  0.000  0.000  0.001  0.001	10
 15:	0.001  0.882  0.001  0.000  0.001  0.113  0.000  0.000  0.000  0.001  0.000  0.000  0.000  0.001  0.001	10
 16:	0.000  0.903  0.001  0.001  0.001  0.000  0.000  0.000  0.000  0.001  0.004  0.085  0.001  0.001  0.001	10
 17:	0.000  0.871  0.001  0.004  0.002  0.000  0.002  0.002  0.000  0.002  0.000  0.112  0.000  0.002  0.002	10
 18:	0.151  0.826  0.001  0.000  0.001  0.016  0.000  0.000  0.000  0.002  0.000  0.000  0.000  0.001  0.002	10

  1:	0.828  0.000  0.000  0.000  0.016  0.000  0.000  0.001  0.000  0.000  0.000  0.000  0.153  0.000  0.001	10
  2:	0.915  0.002  0.002  0.000  0.002  0.000  0.002  0.068  0.000  0.002  0.000  0.003  0.000  0.000  0.002	8
  3:	0.885  0.001  0.000  0.000  0.000  0.000  0.001  0.000  0.000  0.000  0.000  0.001  0.000  0.112  0.000	10
  4:	0.910  0.001  0.000  0.000  0.000  0.000  0.001  0.000  0.000  0.001  0.000  0.001  0.000  0.000  0.084	10
  5:	0.828  0.001  0.000  0.166  0.000  0.000  0.001  0.000  0.000  0.001  0.000  0.001  0.000  0.000  0.000	10
  6:	0.891  0.001  0.000  0.000  0.000  0.000  0.001  0.000  0.000  0.000  0.000  0.001  0.000  0.105  0.000	10
  7:	0.864  0.000  0.000  0.000  0.000  0.000  0.000  0.000  0.000  0.000  0.000  0.000  0.135  0.000  0.000	10
  8:	0.891  0.003  0.004  0.000  0.001  0.001  0.003  0.090  0.000  0.003  0.000  0.002  0.001  0.001  0.001	10
  9:	0.943  0.001  0.000  0.000  0.000  0.000  0.001  0.000  0.000  0.000  0.000  0.001  0.054  0.000  0.000	10
 10:	0.950  0.000  0.000  0.000  0.000  0.000  0.000  0.000  0.000  0.000  0.000  0.000  0.049  0.000  0.000	10
 11:	0.853  0.004  0.005  0.000  0.000  0.119  0.003  0.007  0.000  0.003  0.000  0.003  0.000  0.000  0.001	10
 12:	0.878  0.000  0.000  0.000  0.012  0.109  0.000  0.000  0.000  0.000  0.000  0.000  0.000  0.000  0.000	10
 13:	0.838  0.001  0.000  0.000  0.000  0.001  0.001  0.000  0.000  0.001  0.156  0.001  0.000  0.000  0.000	10
 14:	0.880  0.001  0.000  0.000  0.000  0.000  0.001  0.000  0.115  0.001  0.000  0.001  0.000  0.000  0.000	10
 15:	0.876  0.001  0.000  0.001  0.000  0.000  0.001  0.000  0.119  0.001  0.000  0.001  0.000  0.000  0.000	10
 16:	0.883  0.001  0.001  0.000  0.000  0.000  0.002  0.001  0.000  0.001  0.000  0.002  0.000  0.000  0.109	10
 17:	0.871  0.001  0.122  0.000  0.000  0.002  0.001  0.001  0.000  0.000  0.000  0.001  0.000  0.000  0.001	10
 18:	0.819  0.002  0.000  0.173  0.000  0.000  0.002  0.000  0.001  0.001  0.000  0.001  0.000  0.000  0.000	10

  1:	0.000  0.001  0.001  0.000  0.000  0.001  0.001  0.001  0.835  0.003  0.001  0.001  0.001  0.153  0.000	10
  2:	0.000  0.047  0.001  0.000  0.000  0.002  0.002  0.003  0.913  0.026  0.002  0.002  0.002  0.000  0.000	8
  3:	0.000  0.000  0.000  0.000  0.093  0.000  0.001  0.001  0.904  0.000  0.001  0.000  0.001  0.000  0.000	10
  4:	0.000  0.000  0.001  0.000  0.000  0.080  0.001  0.001  0.912  0.001  0.001  0.001  0.001  0.001  0.000	10
  5:	0.000  0.000  0.000  0.170  0.000  0.000  0.001  0.001  0.823  0.000  0.001  0.001  0.001  0.000  0.001	10
  6:	0.000  0.000  0.000  0.000  0.087  0.000  0.001  0.001  0.910  0.000  0.001  0.001  0.001  0.000  0.000	10
  7:	0.000  0.000  0.000  0.000  0.000  0.000  0.000  0.000  0.872  0.000  0.000  0.000  0.000  0.127  0.000	10
  8:	0.000  0.064  0.001  0.000  0.000  0.001  0.002  0.003  0.888  0.031  0.002  0.002  0.002  0.002  0.000	10
  9:	0.000  0.000  0.000  0.000  0.000  0.000  0.000  0.000  0.948  0.000  0.000  0.000  0.000  0.050  0.000	10
 10:	0.000  0.000  0.000  0.000  0.000  0.000  0.000  0.000  0.954  0.000  0.000  0.000  0.000  0.045  0.000	10
 11:	0.001  0.012  0.068  0.000  0.029  0.005  0.003  0.003  0.867  0.004  0.002  0.002  0.003  0.000  0.000	10
 12:	0.003  0.000  0.061  0.000  0.000  0.043  0.001  0.001  0.884  0.003  0.001  0.001  0.002  0.000  0.000	10
 13:	0.150  0.000  0.001  0.000  0.000  0.000  0.001  0.001  0.843  0.001  0.001  0.001  0.001  0.000  0.000	10
 14:	0.000  0.000  0.000  0.000  0.000  0.000  0.001  0.001  0.809  0.000  0.001  0.001  0.001  0.000  0.187	10
 15:	0.000  0.000  0.000  0.000  0.000  0.000  0.001  0.001  0.804  0.000  0.000  0.000  0.001  0.000  0.192	10
 16:	0.000  0.002  0.000  0.000  0.000  0.105  0.001  0.001  0.886  0.001  0.001  0.001  0.001  0.000  0.000	10
 17:	0.000  0.113  0.002  0.000  0.000  0.003  0.001  0.001  0.876  0.001  0.001  0.001  0.001  0.000  0.000	10
 18:	0.000  0.000  0.000  0.173  0.000  0.000  0.001  0.001  0.802  0.001  0.001  0.001  0.001  0.000  0.017	10

  1:	0.000  0.814  0.000  0.000  0.000  0.000  0.000  0.000  0.000  0.000  0.032  0.000  0.152  0.000  0.000	10
  2:	0.003  0.912  0.003  0.000  0.003  0.066  0.000  0.000  0.000  0.001  0.001  0.000  0.000  0.008  0.003	8
  3:	0.001  0.885  0.000  0.000  0.001  0.000  0.000  0.112  0.000  0.000  0.000  0.000  0.000  0.000  0.001	10
  4:	0.002  0.911  0.000  0.000  0.001  0.000  0.000  0.000  0.000  0.000  0.001  0.000  0.000  0.082  0.001	10
  5:	0.001  0.824  0.000  0.171  0.002  0.000  0.000  0.000  0.000  0.000  0.000  0.000  0.000  0.000  0.002	10
  6:	0.001  0.892  0.000  0.000  0.001  0.000  0.000  0.105  0.000  0.000  0.000  0.000  0.000  0.000  0.001	10
  7:	0.000  0.846  0.000  0.000  0.000  0.000  0.000  0.000  0.000  0.000  0.000  0.000  0.153  0.000  0.000	10
  8:	0.002  0.886  0.001  0.000  0.002  0.085  0.004  0.000  0.000  0.001  0.008  0.000  0.002  0.007  0.002	10
  9:	0.001  0.936  0.000  0.000  0.001  0.000  0.000  0.000  0.000  0.000  0.000  0.000  0.061  0.000  0.001	10
 10:	0.000  0.944  0.000  0.000  0.000  0.000  0.000  0.000  0.000  0.000  0.000  0.000  0.054  0.000  0.000	10
 11:	0.002  0.868  0.000  0.000  0.003  0.002  0.117  0.000  0.000  0.005  0.000  0.000  0.000  0.000  0.002	10
 12:	0.001  0.885  0.012  0.000  0.001  0.000  0.001  0.000  0.002  0.097  0.000  0.000  0.000  0.000  0.001	10
 13:	0.002  0.839  0.001  0.000  0.002  0.000  0.000  0.000  0.153  0.000  0.000  0.000  0.000  0.000  0.002	10
 14:	0.001  0.878  0.000  0.000  0.001  0.000  0.000  0.000  0.000  0.000  0.000  0.117  0.000  0.000  0.001	10
 15:	0.001  0.874  0.000  0.001  0.001  0.000  0.000  0.000  0.000  0.000  0.000  0.121  0.000  0.000  0.001	10
 16:	0.002  0.884  0.000  0.000  0.002  0.001  0.000  0.000  0.000  0.000  0.000  0.000  0.000  0.109  0.001	10
 17:	0.003  0.868  0.001  0.000  0.003  0.005  0.002  0.000  0.000  0.110  0.001  0.000  0.000  0.005  0.003	10
 18:	0.002  0.815  0.000  0.178  0.002  0.000  0.000  0.000  0.000  0.000  0.000  0.001  0.000  0.000  0.002	10

