  1:	0.001  0.000  0.001  0.000  0.000  0.001  0.001  0.886  0.001  0.000  0.001  0.000  0.001  0.001  0.105  0.000	10
  2:	0.001  0.000  0.002  0.067  0.000  0.002  0.002  0.918  0.002  0.000  0.002  0.000  0.002  0.001  0.000  0.000	8
  3:	0.000  0.000  0.000  0.000  0.000  0.001  0.000  0.923  0.001  0.000  0.001  0.000  0.001  0.001  0.071  0.000	10
  4:	0.000  0.000  0.000  0.000  0.000  0.001  0.079  0.915  0.001  0.000  0.001  0.000  0.001  0.001  0.000  0.000	10
  5:	0.000  0.000  0.000  0.000  0.003  0.001  0.000  0.825  0.001  0.000  0.001  0.000  0.001  0.001  0.000  0.167	10
  6:	0.000  0.000  0.000  0.000  0.000  0.001  0.000  0.929  0.001  0.000  0.001  0.000  0.001  0.001  0.065  0.000	10
  7:	0.000  0.000  0.001  0.000  0.000  0.000  0.000  0.935  0.000  0.000  0.000  0.000  0.000  0.000  0.063  0.000	10
  8:	0.000  0.000  0.000  0.089  0.000  0.002  0.001  0.894  0.002  0.001  0.002  0.002  0.002  0.002  0.000  0.000	10
  9:	0.000  0.000  0.012  0.000  0.000  0.000  0.000  0.988  0.000  0.000  0.000  0.000  0.000  0.000  0.000  0.000	10
 10:	0.003  0.000  0.004  0.000  0.000  0.000  0.000  0.992  0.000  0.000  0.000  0.000  0.000  0.000  0.000  0.000	10
 11:	0.000  0.000  0.000  0.001  0.000  0.001  0.000  0.866  0.002  0.005  0.001  0.118  0.002  0.002  0.000  0.000	10
 12:	0.014  0.001  0.000  0.000  0.000  0.000  0.000  0.883  0.000  0.100  0.000  0.000  0.000  0.000  0.000  0.000	10
 13:	0.000  0.152  0.000  0.000  0.000  0.001  0.000  0.842  0.001  0.000  0.001  0.000  0.001  0.001  0.000  0.000	10
 14:	0.000  0.000  0.000  0.000  0.768  0.001  0.000  0.228  0.001  0.000  0.001  0.000  0.001  0.001  0.000  0.000	10
 15:	0.000  0.000  0.000  0.000  0.821  0.001  0.000  0.175  0.001  0.000  0.001  0.000  0.001  0.001  0.000  0.000	10
 16:	0.000  0.000  0.000  0.001  0.000  0.002  0.104  0.889  0.001  0.000  0.001  0.000  0.001  0.001  0.000  0.000	10
 17:	0.000  0.000  0.000  0.003  0.000  0.002  0.002  0.866  0.002  0.120  0.001  0.001  0.001  0.001  0.000  0.000	10
 18:	0.000  0.000  0.003  0.000  0.084  0.001  0.000  0.743  0.001  0.000  0.001  0.000  0.001  0.001  0.000  0.164	10

  1:	0.000  0.000  0.000  0.001  0.852  0.000  0.000  0.000  0.000  0.000  0.000  0.144  0.001  0.000  0.000  0.000	10
  2:	0.001  0.069  0.000  0.001  0.915  0.000  0.003  0.001  0.002  0.000  0.002  0.000  0.001  0.002  0.002  0.000	8
  3:	0.000  0.000  0.000  0.001  0.914  0.000  0.000  0.001  0.001  0.000  0.000  0.082  0.001  0.000  0.001  0.000	10
  4:	0.000  0.000  0.000  0.001  0.919  0.000  0.000  0.001  0.001  0.000  0.000  0.000  0.001  0.076  0.000  0.000	10
  5:	0.000  0.000  0.000  0.001  0.821  0.170  0.000  0.001  0.001  0.000  0.000  0.000  0.001  0.000  0.003  0.000	10
  6:	0.000  0.000  0.000  0.001  0.920  0.000  0.000  0.001  0.001  0.000  0.000  0.075  0.001  0.000  0.000  0.000	10
  7:	0.000  0.000  0.000  0.000  0.916  0.000  0.000  0.000  0.000  0.000  0.000  0.083  0.000  0.000  0.000  0.000	10
  8:	0.003  0.092  0.000  0.003  0.891  0.000  0.000  0.002  0.002  0.002  0.001  0.001  0.002  0.001  0.001  0.000	10
  9:	0.000  0.000  0.000  0.000  0.969  0.000  0.000  0.000  0.000  0.000  0.000  0.028  0.000  0.000  0.000  0.000	10
 10:	0.000  0.000  0.000  0.000  0.977  0.000  0.000  0.000  0.000  0.000  0.000  0.022  0.000  0.000  0.000  0.000	10
 11:	0.004  0.001  0.000  0.001  0.876  0.000  0.000  0.001  0.001  0.111  0.000  0.000  0.001  0.000  0.000  0.002	10
 12:	0.000  0.000  0.000  0.000  0.873  0.000  0.010  0.000  0.000  0.000  0.000  0.000  0.000  0.000  0.000  0.115	10
 13:	0.000  0.000  0.000  0.001  0.853  0.000  0.000  0.001  0.001  0.000  0.047  0.000  0.001  0.000  0.000  0.095	10
 14:	0.000  0.000  0.113  0.001  0.883  0.000  0.000  0.001  0.001  0.000  0.000  0.000  0.001  0.000  0.000  0.000	10
 15:	0.000  0.000  0.117  0.001  0.879  0.000  0.000  0.001  0.001  0.000  0.000  0.000  0.001  0.000  0.000  0.000	10
 16:	0.001  0.000  0.000  0.001  0.896  0.000  0.000  0.001  0.001  0.000  0.000  0.000  0.001  0.098  0.000  0.000	10
 17:	0.131  0.000  0.000  0.000  0.865  0.000  0.000  0.000  0.000  0.000  0.000  0.000  0.000  0.000  0.000  0.001	10
 18:	0.000  0.000  0.001  0.002  0.815  0.106  0.001  0.001  0.001  0.000  0.000  0.000  0.001  0.000  0.071  0.000	10

  1:	0.030  0.000  0.000  0.000  0.000  0.806  0.001  0.161  0.000  0.000  0.000  0.000  0.000  0.000  0.000  0.000	10
  2:	0.000  0.000  0.003  0.000  0.002  0.901  0.084  0.000  0.001  0.003  0.003  0.000  0.000  0.000  0.003  0.000	8
  3:	0.000  0.000  0.001  0.000  0.000  0.887  0.000  0.000  0.000  0.001  0.001  0.000  0.000  0.000  0.001  0.110	10
  4:	0.095  0.000  0.000  0.000  0.001  0.904  0.000  0.000  0.000  0.000  0.000  0.000  0.000  0.000  0.000  0.000	10
  5:	0.000  0.000  0.002  0.000  0.000  0.814  0.000  0.000  0.000  0.001  0.001  0.000  0.000  0.181  0.001  0.000	10
  6:	0.000  0.000  0.001  0.000  0.000  0.893  0.000  0.000  0.000  0.001  0.001  0.000  0.000  0.000  0.001  0.103	10
  7:	0.000  0.000  0.000  0.000  0.000  0.846  0.000  0.152  0.000  0.000  0.000  0.000  0.000  0.000  0.000  0.000	10
  8:	0.000  0.002  0.003  0.000  0.001  0.873  0.109  0.001  0.002  0.003  0.002  0.000  0.000  0.000  0.003  0.000	10
  9:	0.000  0.000  0.001  0.000  0.000  0.935  0.000  0.062  0.000  0.001  0.001  0.000  0.000  0.000  0.001  0.000	10
 10:	0.000  0.000  0.000  0.000  0.000  0.943  0.000  0.055  0.000  0.000  0.000  0.000  0.000  0.000  0.000  0.000	10
 11:	0.000  0.132  0.003  0.000  0.000  0.847  0.002  0.000  0.003  0.003  0.002  0.005  0.000  0.000  0.002  0.000	10
 12:	0.000  0.000  0.001  0.002  0.000  0.833  0.000  0.000  0.000  0.001  0.001  0.160  0.000  0.000  0.001  0.000	10
 13:	0.000  0.001  0.003  0.152  0.000  0.837  0.000  0.000  0.000  0.002  0.002  0.001  0.000  0.000  0.002  0.000	10
 14:	0.000  0.000  0.001  0.000  0.000  0.874  0.000  0.000  0.000  0.001  0.001  0.000  0.121  0.000  0.001  0.000	10
 15:	0.000  0.000  0.001  0.000  0.000  0.870  0.000  0.000  0.000  0.001  0.001  0.000  0.125  0.001  0.001  0.000	10
 16:	0.000  0.000  0.000  0.000  0.127  0.870  0.000  0.000  0.000  0.000  0.000  0.000  0.000  0.000  0.000  0.000	10
 17:	0.000  0.001  0.001  0.000  0.002  0.859  0.001  0.000  0.129  0.001  0.001  0.002  0.000  0.000  0.001  0.000	10
 18:	0.000  0.000  0.002  0.000  0.000  0.804  0.000  0.000  0.000  0.001  0.002  0.000  0.001  0.188  0.002  0.000	10

  1:	0.000  0.001  0.001  0.000  0.000  0.001  0.001  0.000  0.000  0.001  0.001  0.862  0.000  0.132  0.000  0.000	10
  2:	0.008  0.002  0.000  0.000  0.000  0.003  0.002  0.061  0.000  0.002  0.002  0.919  0.001  0.000  0.001  0.000	8
  3:	0.000  0.001  0.000  0.000  0.000  0.001  0.001  0.000  0.000  0.001  0.001  0.915  0.000  0.081  0.000  0.000	10
  4:	0.000  0.000  0.087  0.000  0.000  0.000  0.000  0.000  0.000  0.000  0.000  0.911  0.000  0.001  0.000  0.000	10
  5:	0.000  0.001  0.000  0.000  0.000  0.001  0.001  0.000  0.001  0.001  0.001  0.832  0.000  0.000  0.000  0.160	10
  6:	0.000  0.001  0.000  0.000  0.000  0.001  0.001  0.000  0.000  0.001  0.001  0.921  0.000  0.074  0.000  0.000	10
  7:	0.000  0.000  0.000  0.000  0.000  0.000  0.000  0.000  0.000  0.000  0.000  0.921  0.000  0.078  0.000  0.000	10
  8:	0.008  0.002  0.000  0.000  0.002  0.003  0.003  0.081  0.000  0.002  0.002  0.895  0.000  0.001  0.001  0.000	10
  9:	0.000  0.000  0.000  0.000  0.000  0.000  0.001  0.000  0.000  0.000  0.001  0.975  0.000  0.022  0.000  0.000	10
 10:	0.000  0.000  0.015  0.000  0.000  0.000  0.000  0.000  0.000  0.000  0.000  0.984  0.000  0.000  0.000  0.000	10
 11:	0.000  0.002  0.000  0.000  0.119  0.001  0.001  0.001  0.000  0.002  0.002  0.866  0.000  0.000  0.006  0.000	10
 12:	0.000  0.000  0.000  0.002  0.001  0.000  0.000  0.000  0.000  0.001  0.000  0.884  0.010  0.000  0.102  0.000	10
 13:	0.000  0.001  0.000  0.144  0.000  0.002  0.002  0.000  0.000  0.001  0.001  0.848  0.000  0.000  0.000  0.000	10
 14:	0.000  0.001  0.000  0.000  0.000  0.001  0.001  0.000  0.273  0.001  0.001  0.723  0.000  0.000  0.000  0.000	10
 15:	0.000  0.001  0.000  0.000  0.000  0.001  0.001  0.000  0.288  0.001  0.001  0.708  0.000  0.000  0.000  0.000	10
 16:	0.111  0.000  0.000  0.000  0.000  0.000  0.000  0.000  0.000  0.000  0.000  0.887  0.000  0.000  0.000  0.000	10
 17:	0.003  0.001  0.000  0.000  0.001  0.001  0.001  0.003  0.000  0.001  0.001  0.866  0.000  0.000  0.120  0.000	10
 18:	0.000  0.001  0.000  0.000  0.000  0.001  0.001  0.000  0.022  0.001  0.001  0.806  0.010  0.000  0.000  0.157	10

  1:	0.000  0.007  0.000  0.000  0.000  0.000  0.000  0.000  0.000  0.739  0.000  0.037  0.000  0.000  0.000  0.216	10
  2:	0.003  0.003  0.000  0.073  0.002  0.003  0.000  0.000  0.004  0.906  0.000  0.001  0.000  0.004  0.000  0.000	8
  3:	0.001  0.001  0.153  0.000  0.000  0.000  0.000  0.000  0.001  0.844  0.000  0.000  0.000  0.001  0.000  0.000	10
  4:	0.001  0.001  0.000  0.000  0.000  0.094  0.000  0.000  0.001  0.897  0.000  0.000  0.000  0.001  0.000  0.002	10
  5:	0.002  0.001  0.000  0.000  0.000  0.000  0.001  0.000  0.002  0.814  0.000  0.000  0.000  0.002  0.176  0.002	10
  6:	0.001  0.001  0.146  0.000  0.000  0.000  0.000  0.000  0.001  0.849  0.000  0.000  0.000  0.001  0.000  0.000	10
  7:	0.000  0.000  0.000  0.000  0.000  0.000  0.000  0.000  0.000  0.777  0.000  0.000  0.000  0.000  0.000  0.221	10
  8:	0.003  0.005  0.001  0.094  0.004  0.001  0.000  0.003  0.003  0.878  0.000  0.001  0.000  0.003  0.000  0.004	10
  9:	0.001  0.000  0.000  0.000  0.000  0.000  0.000  0.000  0.001  0.887  0.000  0.000  0.000  0.001  0.000  0.110	10
 10:	0.000  0.000  0.000  0.000  0.000  0.000  0.000  0.000  0.000  0.902  0.000  0.000  0.000  0.000  0.000  0.096	10
 11:	0.002  0.002  0.000  0.002  0.004  0.000  0.000  0.123  0.003  0.854  0.006  0.000  0.000  0.003  0.000  0.000	10
 12:	0.001  0.000  0.000  0.000  0.000  0.000  0.000  0.000  0.001  0.820  0.166  0.010  0.001  0.001  0.000  0.000	10
 13:	0.001  0.001  0.000  0.000  0.000  0.000  0.000  0.000  0.002  0.828  0.000  0.000  0.164  0.001  0.000  0.000	10
 14:	0.001  0.001  0.000  0.000  0.000  0.000  0.179  0.000  0.001  0.816  0.000  0.000  0.000  0.001  0.000  0.000	10
 15:	0.001  0.001  0.000  0.000  0.000  0.000  0.184  0.000  0.001  0.811  0.000  0.000  0.000  0.001  0.001  0.000	10
 16:	0.001  0.001  0.001  0.001  0.001  0.123  0.000  0.000  0.002  0.867  0.000  0.000  0.000  0.002  0.000  0.002	10
 17:	0.001  0.001  0.000  0.001  0.144  0.001  0.000  0.001  0.001  0.847  0.002  0.000  0.000  0.001  0.000  0.000	10
 18:	0.002  0.001  0.000  0.000  0.000  0.000  0.021  0.000  0.002  0.791  0.000  0.000  0.000  0.002  0.180  0.000	10

  1:	0.001  0.001  0.001  0.001  0.166  0.000  0.000  0.001  0.001  0.000  0.823  0.001  0.001  0.000  0.001  0.001	10
  2:	0.002  0.004  0.005  0.002  0.000  0.000  0.000  0.003  0.057  0.000  0.920  0.002  0.000  0.001  0.003  0.002	8
  3:	0.000  0.000  0.000  0.000  0.000  0.140  0.000  0.000  0.000  0.000  0.857  0.000  0.000  0.000  0.000  0.000	10
  4:	0.001  0.078  0.001  0.001  0.000  0.000  0.000  0.001  0.000  0.000  0.916  0.001  0.000  0.000  0.001  0.001	10
  5:	0.001  0.000  0.001  0.001  0.000  0.000  0.161  0.001  0.000  0.000  0.833  0.001  0.000  0.000  0.001  0.001	10
  6:	0.000  0.000  0.000  0.000  0.000  0.133  0.000  0.000  0.000  0.000  0.864  0.000  0.000  0.000  0.000  0.000	10
  7:	0.000  0.000  0.000  0.000  0.137  0.000  0.000  0.000  0.000  0.000  0.862  0.000  0.000  0.000  0.000  0.000	10
  8:	0.002  0.002  0.004  0.003  0.003  0.001  0.000  0.003  0.075  0.000  0.896  0.002  0.000  0.005  0.003  0.003	10
  9:	0.000  0.000  0.000  0.000  0.054  0.000  0.000  0.000  0.000  0.000  0.943  0.000  0.000  0.000  0.000  0.000	10
 10:	0.000  0.000  0.000  0.000  0.049  0.000  0.000  0.000  0.000  0.000  0.950  0.000  0.000  0.000  0.000  0.000	10
 11:	0.001  0.000  0.001  0.001  0.000  0.000  0.000  0.001  0.003  0.000  0.872  0.001  0.005  0.113  0.001  0.001	10
 12:	0.000  0.000  0.001  0.001  0.000  0.000  0.000  0.001  0.000  0.001  0.843  0.000  0.151  0.000  0.000  0.001	10
 13:	0.001  0.000  0.001  0.001  0.000  0.000  0.000  0.001  0.000  0.141  0.852  0.001  0.000  0.000  0.001  0.001	10
 14:	0.001  0.000  0.001  0.001  0.000  0.000  0.072  0.001  0.000  0.000  0.923  0.001  0.000  0.000  0.001  0.001	10
 15:	0.000  0.000  0.000  0.000  0.000  0.000  0.077  0.000  0.000  0.000  0.920  0.000  0.000  0.000  0.000  0.000	10
 16:	0.001  0.102  0.001  0.001  0.000  0.000  0.000  0.001  0.001  0.000  0.891  0.001  0.000  0.000  0.001  0.001	10
 17:	0.001  0.002  0.001  0.001  0.000  0.000  0.000  0.001  0.088  0.000  0.888  0.001  0.014  0.001  0.001  0.001	10
 18:	0.001  0.000  0.001  0.001  0.000  0.000  0.170  0.001  0.000  0.000  0.823  0.001  0.000  0.000  0.001  0.001	10

  1:	0.020  0.000  0.000  0.001  0.001  0.001  0.000  0.001  0.001  0.000  0.822  0.000  0.001  0.000  0.152  0.001	10
  2:	0.001  0.000  0.001  0.003  0.002  0.061  0.000  0.003  0.002  0.000  0.913  0.000  0.012  0.000  0.000  0.002	8
  3:	0.000  0.000  0.000  0.000  0.000  0.000  0.000  0.001  0.001  0.110  0.887  0.000  0.000  0.000  0.000  0.000	10
  4:	0.000  0.000  0.000  0.001  0.001  0.000  0.000  0.001  0.001  0.000  0.908  0.000  0.087  0.000  0.000  0.001	10
  5:	0.001  0.000  0.000  0.001  0.001  0.000  0.000  0.001  0.001  0.000  0.832  0.000  0.000  0.162  0.000  0.001	10
  6:	0.000  0.000  0.000  0.001  0.000  0.000  0.000  0.001  0.001  0.104  0.893  0.000  0.000  0.000  0.000  0.001	10
  7:	0.000  0.000  0.000  0.000  0.000  0.000  0.000  0.000  0.000  0.000  0.857  0.000  0.000  0.000  0.142  0.000	10
  8:	0.001  0.000  0.001  0.002  0.002  0.080  0.004  0.003  0.002  0.001  0.888  0.000  0.012  0.000  0.002  0.002	10
  9:	0.000  0.000  0.000  0.000  0.000  0.000  0.000  0.000  0.000  0.000  0.940  0.000  0.000  0.000  0.057  0.000	10
 10:	0.000  0.000  0.000  0.000  0.000  0.000  0.000  0.000  0.000  0.000  0.947  0.000  0.000  0.000  0.051  0.000	10
 11:	0.000  0.000  0.005  0.002  0.002  0.001  0.124  0.002  0.001  0.000  0.860  0.000  0.000  0.000  0.000  0.001	10
 12:	0.010  0.002  0.103  0.001  0.001  0.000  0.001  0.000  0.000  0.000  0.880  0.000  0.000  0.000  0.000  0.001	10
 13:	0.000  0.149  0.000  0.001  0.001  0.000  0.000  0.001  0.002  0.000  0.843  0.000  0.000  0.000  0.000  0.002	10
 14:	0.000  0.000  0.000  0.001  0.001  0.000  0.000  0.001  0.001  0.000  0.861  0.136  0.000  0.000  0.000  0.001	10
 15:	0.000  0.000  0.000  0.000  0.000  0.000  0.000  0.001  0.000  0.000  0.855  0.142  0.000  0.000  0.000  0.000	10
 16:	0.000  0.000  0.000  0.001  0.001  0.000  0.000  0.001  0.001  0.000  0.881  0.000  0.113  0.000  0.000  0.001	10
 17:	0.001  0.000  0.118  0.001  0.002  0.004  0.002  0.002  0.001  0.000  0.863  0.000  0.005  0.000  0.000  0.002	10
 18:	0.000  0.000  0.000  0.001  0.001  0.000  0.000  0.002  0.001  0.000  0.822  0.003  0.000  0.168  0.000  0.001	10

  1:	0.001  0.000  0.000  0.001  0.000  0.001  0.001  0.001  0.000  0.317  0.000  0.001  0.001  0.000  0.014  0.662	10
  2:	0.002  0.000  0.000  0.002  0.000  0.022  0.068  0.002  0.000  0.027  0.001  0.002  0.002  0.000  0.001  0.868	8
  3:	0.001  0.274  0.000  0.001  0.000  0.000  0.000  0.001  0.000  0.000  0.000  0.001  0.001  0.000  0.000  0.722	10
  4:	0.001  0.001  0.000  0.001  0.000  0.178  0.000  0.001  0.000  0.020  0.000  0.001  0.001  0.000  0.000  0.795	10
  5:	0.001  0.000  0.000  0.001  0.301  0.000  0.000  0.001  0.004  0.000  0.000  0.001  0.001  0.000  0.000  0.689	10
  6:	0.001  0.267  0.000  0.001  0.000  0.000  0.000  0.001  0.000  0.001  0.000  0.001  0.000  0.000  0.000  0.728	10
  7:	0.000  0.000  0.000  0.000  0.000  0.000  0.000  0.000  0.000  0.301  0.000  0.000  0.000  0.000  0.000  0.697	10
  8:	0.002  0.001  0.002  0.003  0.000  0.013  0.091  0.002  0.000  0.038  0.003  0.003  0.003  0.000  0.000  0.840	10
  9:	0.000  0.000  0.000  0.000  0.000  0.000  0.000  0.000  0.000  0.219  0.000  0.000  0.000  0.000  0.000  0.778	10
 10:	0.000  0.000  0.000  0.000  0.000  0.000  0.000  0.000  0.000  0.216  0.000  0.000  0.000  0.000  0.000  0.783	10
 11:	0.002  0.001  0.116  0.001  0.000  0.004  0.002  0.001  0.000  0.003  0.006  0.001  0.002  0.001  0.000  0.861	10
 12:	0.002  0.000  0.001  0.000  0.000  0.000  0.000  0.000  0.000  0.000  0.001  0.001  0.001  0.071  0.011  0.911	10
 13:	0.002  0.000  0.001  0.002  0.000  0.000  0.001  0.002  0.000  0.002  0.000  0.003  0.002  0.125  0.001  0.860	10
 14:	0.001  0.000  0.000  0.001  0.000  0.000  0.000  0.001  0.363  0.000  0.000  0.001  0.001  0.000  0.000  0.632	10
 15:	0.001  0.000  0.000  0.001  0.001  0.000  0.000  0.001  0.371  0.000  0.000  0.001  0.001  0.000  0.000  0.625	10
 16:	0.001  0.001  0.000  0.001  0.000  0.212  0.001  0.001  0.000  0.006  0.001  0.001  0.001  0.000  0.000  0.772	10
 17:	0.001  0.000  0.001  0.001  0.000  0.011  0.001  0.001  0.000  0.003  0.131  0.001  0.001  0.000  0.000  0.847	10
 18:	0.001  0.000  0.000  0.001  0.283  0.000  0.000  0.001  0.055  0.000  0.000  0.001  0.002  0.000  0.000  0.654	10

  1:	0.809  0.000  0.000  0.000  0.041  0.000  0.000  0.000  0.149  0.000  0.000  0.000  0.000  0.000  0.000  0.000	10
  2:	0.906  0.003  0.000  0.002  0.001  0.002  0.000  0.002  0.000  0.075  0.003  0.000  0.000  0.000  0.003  0.002	8
  3:	0.886  0.000  0.000  0.001  0.000  0.001  0.000  0.001  0.000  0.000  0.001  0.111  0.000  0.000  0.001  0.000	10
  4:	0.906  0.086  0.000  0.001  0.000  0.001  0.000  0.001  0.000  0.000  0.001  0.000  0.000  0.001  0.001  0.000	10
  5:	0.824  0.000  0.170  0.001  0.000  0.001  0.000  0.001  0.000  0.000  0.001  0.000  0.000  0.000  0.001  0.000	10
  6:	0.892  0.000  0.000  0.001  0.000  0.001  0.000  0.001  0.000  0.000  0.001  0.104  0.000  0.000  0.001  0.000	10
  7:	0.840  0.000  0.000  0.000  0.000  0.000  0.000  0.000  0.158  0.000  0.000  0.000  0.000  0.000  0.000  0.000	10
  8:	0.880  0.001  0.000  0.003  0.001  0.003  0.000  0.003  0.002  0.096  0.002  0.001  0.003  0.000  0.002  0.004	10
  9:	0.931  0.000  0.000  0.001  0.000  0.001  0.000  0.001  0.066  0.000  0.000  0.000  0.000  0.000  0.001  0.000	10
 10:	0.940  0.000  0.000  0.000  0.000  0.000  0.000  0.000  0.058  0.000  0.000  0.000  0.000  0.000  0.000  0.000	10
 11:	0.853  0.000  0.000  0.002  0.000  0.002  0.000  0.001  0.000  0.002  0.002  0.000  0.128  0.006  0.002  0.003	10
 12:	0.829  0.000  0.000  0.000  0.010  0.000  0.000  0.000  0.000  0.000  0.000  0.000  0.000  0.159  0.000  0.000	10
 13:	0.838  0.000  0.000  0.002  0.000  0.001  0.152  0.002  0.000  0.000  0.001  0.000  0.000  0.001  0.002  0.000	10
 14:	0.918  0.000  0.076  0.001  0.000  0.001  0.000  0.001  0.000  0.000  0.001  0.000  0.000  0.000  0.001  0.000	10
 15:	0.915  0.000  0.081  0.001  0.000  0.001  0.000  0.001  0.000  0.000  0.000  0.000  0.000  0.000  0.001  0.000	10
 16:	0.878  0.113  0.000  0.001  0.000  0.001  0.000  0.001  0.000  0.001  0.001  0.000  0.000  0.000  0.001  0.001	10
 17:	0.853  0.001  0.000  0.001  0.000  0.001  0.000  0.001  0.000  0.001  0.001  0.000  0.001  0.003  0.001  0.137	10
 18:	0.813  0.000  0.180  0.001  0.000  0.001  0.000  0.001  0.000  0.000  0.001  0.000  0.000  0.000  0.001  0.000	10

  1:	0.000  0.835  0.001  0.001  0.007  0.000  0.001  0.001  0.144  0.001  0.001  0.000  0.001  0.009  0.000  0.000	10
  2:	0.000  0.904  0.002  0.003  0.002  0.000  0.003  0.002  0.000  0.002  0.081  0.000  0.000  0.001  0.000  0.000	8
  3:	0.000  0.805  0.001  0.000  0.000  0.192  0.001  0.001  0.000  0.001  0.000  0.000  0.000  0.000  0.000  0.000	10
  4:	0.000  0.900  0.000  0.000  0.000  0.002  0.000  0.000  0.014  0.000  0.000  0.000  0.000  0.081  0.000  0.000	10
  5:	0.000  0.820  0.001  0.000  0.000  0.000  0.001  0.002  0.000  0.001  0.000  0.000  0.000  0.000  0.174  0.000	10
  6:	0.000  0.811  0.001  0.000  0.000  0.186  0.001  0.001  0.000  0.001  0.000  0.000  0.000  0.000  0.000  0.000	10
  7:	0.000  0.875  0.000  0.000  0.000  0.000  0.000  0.000  0.124  0.000  0.000  0.000  0.000  0.000  0.000  0.000	10
  8:	0.002  0.876  0.002  0.003  0.001  0.001  0.003  0.004  0.001  0.002  0.105  0.000  0.000  0.000  0.000  0.000	10
  9:	0.000  0.949  0.001  0.000  0.000  0.000  0.001  0.001  0.048  0.000  0.000  0.000  0.000  0.000  0.000  0.000	10
 10:	0.000  0.955  0.000  0.000  0.000  0.000  0.000  0.000  0.043  0.000  0.000  0.000  0.000  0.000  0.000  0.000	10
 11:	0.124  0.853  0.002  0.002  0.001  0.001  0.003  0.002  0.000  0.002  0.003  0.000  0.007  0.000  0.000  0.000	10
 12:	0.000  0.836  0.001  0.000  0.007  0.000  0.000  0.000  0.000  0.000  0.000  0.000  0.152  0.002  0.000  0.001	10
 13:	0.000  0.843  0.002  0.000  0.000  0.000  0.002  0.002  0.000  0.002  0.000  0.000  0.015  0.000  0.000  0.132	10
 14:	0.000  0.767  0.001  0.000  0.000  0.000  0.001  0.001  0.000  0.001  0.000  0.228  0.000  0.000  0.000  0.000	10
 15:	0.000  0.756  0.001  0.000  0.000  0.000  0.001  0.001  0.000  0.001  0.000  0.240  0.000  0.000  0.000  0.000	10
 16:	0.000  0.895  0.002  0.091  0.000  0.000  0.002  0.002  0.001  0.001  0.001  0.000  0.000  0.004  0.000  0.000	10
 17:	0.002  0.858  0.002  0.117  0.001  0.000  0.002  0.002  0.000  0.002  0.002  0.000  0.011  0.000  0.000  0.000	10
 18:	0.000  0.799  0.001  0.000  0.001  0.000  0.002  0.002  0.000  0.002  0.000  0.014  0.000  0.000  0.179  0.000	10

  1:	0.000  0.001  0.000  0.152  0.000  0.825  0.000  0.001  0.001  0.000  0.000  0.000  0.018  0.000  0.000  0.000	10
  2:	0.000  0.002  0.000  0.000  0.000  0.915  0.002  0.067  0.004  0.000  0.001  0.001  0.001  0.002  0.005  0.000	8
  3:	0.143  0.001  0.000  0.000  0.000  0.854  0.001  0.000  0.000  0.000  0.001  0.000  0.000  0.000  0.000  0.000	10
  4:	0.000  0.001  0.004  0.000  0.000  0.911  0.001  0.000  0.001  0.000  0.001  0.000  0.000  0.001  0.079  0.000	10
  5:	0.000  0.001  0.000  0.000  0.000  0.826  0.001  0.000  0.001  0.000  0.001  0.000  0.000  0.001  0.000  0.168	10
  6:	0.134  0.001  0.000  0.000  0.000  0.862  0.001  0.000  0.000  0.000  0.001  0.000  0.000  0.001  0.000  0.000	10
  7:	0.000  0.000  0.000  0.138  0.000  0.861  0.000  0.000  0.000  0.000  0.000  0.000  0.000  0.000  0.000  0.000	10
  8:	0.001  0.002  0.003  0.002  0.000  0.891  0.002  0.087  0.002  0.000  0.002  0.001  0.001  0.003  0.004  0.000	10
  9:	0.000  0.000  0.000  0.054  0.000  0.943  0.001  0.000  0.000  0.000  0.000  0.000  0.000  0.000  0.000  0.000	10
 10:	0.000  0.000  0.000  0.049  0.000  0.950  0.000  0.000  0.000  0.000  0.000  0.000  0.000  0.000  0.000  0.000	10
 11:	0.000  0.002  0.123  0.000  0.000  0.859  0.002  0.001  0.001  0.000  0.002  0.008  0.000  0.002  0.000  0.000	10
 12:	0.000  0.000  0.001  0.000  0.000  0.873  0.000  0.000  0.000  0.002  0.001  0.109  0.012  0.001  0.000  0.000	10
 13:	0.000  0.002  0.000  0.000  0.000  0.839  0.002  0.000  0.001  0.153  0.001  0.000  0.000  0.001  0.000  0.000	10
 14:	0.000  0.001  0.000  0.000  0.148  0.847  0.001  0.000  0.000  0.000  0.001  0.000  0.000  0.001  0.000  0.000	10
 15:	0.000  0.001  0.000  0.000  0.156  0.839  0.001  0.000  0.001  0.000  0.001  0.000  0.000  0.001  0.000  0.001	10
 16:	0.000  0.001  0.000  0.000  0.000  0.882  0.001  0.001  0.001  0.000  0.001  0.000  0.000  0.001  0.111  0.000	10
 17:	0.000  0.002  0.002  0.000  0.000  0.858  0.002  0.005  0.002  0.000  0.002  0.121  0.000  0.002  0.005  0.000	10
 18:	0.000  0.001  0.000  0.000  0.004  0.814  0.001  0.000  0.001  0.000  0.001  0.000  0.001  0.001  0.000  0.174	10

  1:	0.000  0.001  0.001  0.000  0.001  0.001  0.001  0.869  0.001  0.000  0.001  0.000  0.000  0.123  0.000  0.000	10
  2:	0.001  0.000  0.002  0.000  0.004  0.003  0.000  0.910  0.002  0.000  0.003  0.001  0.072  0.000  0.000  0.000	8
  3:	0.000  0.000  0.001  0.000  0.001  0.001  0.000  0.916  0.000  0.000  0.001  0.000  0.000  0.078  0.000  0.000	10
  4:	0.000  0.001  0.001  0.000  0.001  0.001  0.000  0.912  0.082  0.000  0.001  0.000  0.000  0.000  0.000  0.000	10
  5:	0.005  0.000  0.002  0.187  0.001  0.002  0.000  0.801  0.000  0.000  0.001  0.000  0.000  0.000  0.000  0.001	10
  6:	0.000  0.000  0.001  0.000  0.001  0.001  0.000  0.922  0.000  0.000  0.001  0.000  0.000  0.072  0.000  0.000	10
  7:	0.000  0.000  0.000  0.000  0.000  0.000  0.002  0.925  0.000  0.000  0.000  0.000  0.000  0.073  0.000  0.000	10
  8:	0.001  0.000  0.003  0.000  0.002  0.003  0.000  0.884  0.001  0.000  0.004  0.003  0.095  0.001  0.003  0.000	10
  9:	0.000  0.000  0.000  0.000  0.000  0.000  0.021  0.979  0.000  0.000  0.000  0.000  0.000  0.000  0.000  0.000	10
 10:	0.000  0.000  0.000  0.000  0.000  0.000  0.016  0.984  0.000  0.000  0.000  0.000  0.000  0.000  0.000  0.000	10
 11:	0.000  0.005  0.002  0.000  0.001  0.001  0.000  0.854  0.000  0.000  0.002  0.002  0.001  0.000  0.131  0.000	10
 12:	0.000  0.158  0.000  0.000  0.000  0.000  0.011  0.828  0.000  0.001  0.000  0.000  0.000  0.000  0.000  0.000	10
 13:	0.000  0.000  0.002  0.000  0.001  0.002  0.000  0.838  0.000  0.155  0.001  0.000  0.000  0.000  0.000  0.000	10
 14:	0.000  0.000  0.001  0.000  0.001  0.001  0.000  0.734  0.000  0.000  0.001  0.000  0.000  0.000  0.000  0.262	10
 15:	0.001  0.000  0.001  0.000  0.001  0.001  0.000  0.719  0.000  0.000  0.001  0.000  0.000  0.000  0.000  0.276	10
 16:	0.000  0.000  0.001  0.000  0.001  0.002  0.000  0.885  0.107  0.000  0.002  0.001  0.001  0.000  0.000  0.000	10
 17:	0.000  0.011  0.001  0.000  0.001  0.001  0.000  0.862  0.001  0.000  0.001  0.119  0.001  0.000  0.001  0.000	10
 18:	0.127  0.000  0.001  0.067  0.001  0.002  0.000  0.782  0.000  0.000  0.002  0.000  0.000  0.000  0.000  0.018	10

