  1:	0.000  0.192  0.001  0.001  0.000  0.001  0.797  0.001  0.001  0.000  0.001  0.001  0.001  0.000  0.002  0.000  0.001	10
  2:	0.000  0.000  0.002  0.000  0.000  0.002  0.916  0.001  0.068  0.001  0.002  0.002  0.002  0.000  0.002  0.000  0.001	8
  3:	0.000  0.000  0.000  0.000  0.000  0.000  0.813  0.000  0.000  0.000  0.000  0.000  0.000  0.000  0.000  0.184  0.000	10
  4:	0.000  0.000  0.001  0.000  0.000  0.080  0.914  0.001  0.000  0.000  0.001  0.001  0.001  0.000  0.000  0.000  0.001	10
  5:	0.000  0.001  0.001  0.000  0.001  0.000  0.828  0.001  0.000  0.000  0.001  0.001  0.001  0.164  0.000  0.000  0.001	10
  6:	0.000  0.000  0.000  0.000  0.000  0.000  0.818  0.000  0.000  0.000  0.000  0.000  0.000  0.000  0.000  0.179  0.000	10
  7:	0.000  0.160  0.000  0.000  0.000  0.000  0.839  0.000  0.000  0.000  0.000  0.000  0.000  0.000  0.000  0.000  0.000	10
  8:	0.000  0.002  0.001  0.002  0.000  0.001  0.892  0.002  0.089  0.003  0.002  0.002  0.002  0.000  0.001  0.001  0.002	10
  9:	0.000  0.068  0.000  0.000  0.000  0.000  0.929  0.000  0.000  0.000  0.000  0.000  0.000  0.000  0.000  0.000  0.000	10
 10:	0.000  0.065  0.000  0.000  0.000  0.000  0.933  0.000  0.000  0.000  0.000  0.000  0.000  0.000  0.000  0.000  0.000	10
 11:	0.001  0.000  0.001  0.126  0.000  0.000  0.862  0.001  0.001  0.003  0.001  0.001  0.001  0.000  0.001  0.000  0.001	10
 12:	0.085  0.001  0.001  0.001  0.000  0.000  0.900  0.001  0.000  0.001  0.001  0.001  0.001  0.000  0.007  0.000  0.001	10
 13:	0.120  0.002  0.002  0.001  0.000  0.000  0.865  0.002  0.001  0.000  0.001  0.002  0.002  0.000  0.001  0.000  0.002	10
 14:	0.000  0.000  0.001  0.000  0.187  0.000  0.809  0.001  0.000  0.000  0.001  0.001  0.001  0.000  0.000  0.000  0.001	10
 15:	0.000  0.000  0.001  0.000  0.195  0.000  0.800  0.001  0.000  0.000  0.001  0.001  0.001  0.001  0.000  0.000  0.001	10
 16:	0.000  0.000  0.001  0.000  0.000  0.104  0.889  0.001  0.001  0.001  0.001  0.001  0.001  0.000  0.001  0.000  0.001	10
 17:	0.000  0.000  0.001  0.001  0.000  0.001  0.862  0.001  0.001  0.129  0.001  0.001  0.001  0.000  0.000  0.000  0.001	10
 18:	0.000  0.000  0.001  0.000  0.020  0.000  0.804  0.001  0.000  0.000  0.001  0.001  0.001  0.168  0.001  0.000  0.001	10

  1:	0.000  0.759  0.000  0.035  0.203  0.000  0.000  0.000  0.000  0.000  0.000  0.000  0.000  0.000  0.000  0.000  0.000	10
  2:	0.000  0.899  0.003  0.001  0.000  0.084  0.000  0.000  0.001  0.002  0.003  0.003  0.000  0.000  0.002  0.001  0.000	8
  3:	0.000  0.855  0.001  0.000  0.000  0.000  0.000  0.141  0.000  0.000  0.001  0.001  0.000  0.000  0.001  0.000  0.000	10
  4:	0.000  0.906  0.001  0.000  0.001  0.000  0.000  0.000  0.001  0.086  0.001  0.002  0.000  0.000  0.001  0.000  0.001	10
  5:	0.185  0.801  0.002  0.000  0.000  0.000  0.002  0.000  0.004  0.000  0.002  0.002  0.000  0.000  0.002  0.000  0.000	10
  6:	0.000  0.864  0.001  0.000  0.000  0.000  0.000  0.132  0.000  0.000  0.001  0.001  0.000  0.000  0.001  0.000  0.000	10
  7:	0.000  0.805  0.000  0.000  0.193  0.000  0.000  0.000  0.000  0.000  0.000  0.000  0.000  0.000  0.000  0.000  0.000	10
  8:	0.000  0.870  0.003  0.001  0.002  0.109  0.000  0.001  0.001  0.001  0.003  0.003  0.000  0.002  0.002  0.003  0.000	10
  9:	0.000  0.916  0.001  0.000  0.081  0.000  0.000  0.000  0.000  0.000  0.001  0.001  0.000  0.000  0.001  0.000  0.000	10
 10:	0.000  0.928  0.000  0.000  0.071  0.000  0.000  0.000  0.000  0.000  0.000  0.000  0.000  0.000  0.000  0.000  0.000	10
 11:	0.000  0.844  0.002  0.000  0.000  0.002  0.000  0.000  0.001  0.000  0.002  0.002  0.000  0.133  0.002  0.004  0.006	10
 12:	0.000  0.824  0.000  0.010  0.000  0.000  0.000  0.000  0.000  0.000  0.000  0.000  0.001  0.000  0.000  0.000  0.163	10
 13:	0.000  0.833  0.002  0.000  0.000  0.000  0.000  0.000  0.001  0.000  0.002  0.002  0.156  0.000  0.002  0.000  0.001	10
 14:	0.000  0.813  0.001  0.000  0.000  0.000  0.183  0.000  0.000  0.000  0.001  0.001  0.000  0.000  0.001  0.000  0.000	10
 15:	0.000  0.805  0.001  0.000  0.000  0.000  0.191  0.000  0.001  0.000  0.001  0.001  0.000  0.000  0.001  0.000  0.000	10
 16:	0.000  0.877  0.002  0.000  0.000  0.001  0.000  0.000  0.001  0.113  0.002  0.002  0.000  0.000  0.002  0.001  0.000	10
 17:	0.000  0.843  0.001  0.000  0.000  0.001  0.000  0.000  0.000  0.001  0.001  0.001  0.000  0.001  0.001  0.149  0.002	10
 18:	0.087  0.782  0.002  0.000  0.000  0.000  0.012  0.000  0.112  0.000  0.002  0.002  0.000  0.000  0.002  0.000  0.000	10

  1:	0.001  0.001  0.001  0.001  0.001  0.000  0.000  0.000  0.001  0.001  0.000  0.000  0.204  0.000  0.787  0.001  0.001	10
  2:	0.002  0.002  0.072  0.001  0.001  0.001  0.000  0.001  0.002  0.004  0.000  0.000  0.000  0.000  0.910  0.003  0.001	8
  3:	0.001  0.000  0.000  0.000  0.001  0.000  0.000  0.000  0.001  0.000  0.000  0.112  0.000  0.000  0.885  0.000  0.000	10
  4:	0.001  0.001  0.000  0.001  0.001  0.000  0.000  0.000  0.001  0.000  0.000  0.000  0.000  0.000  0.907  0.086  0.001	10
  5:	0.001  0.001  0.000  0.001  0.001  0.000  0.000  0.000  0.001  0.000  0.000  0.000  0.000  0.168  0.826  0.000  0.001	10
  6:	0.001  0.001  0.000  0.001  0.001  0.000  0.000  0.000  0.001  0.000  0.000  0.105  0.000  0.000  0.891  0.000  0.001	10
  7:	0.000  0.000  0.000  0.000  0.000  0.000  0.000  0.000  0.000  0.000  0.000  0.000  0.158  0.000  0.841  0.000  0.000	10
  8:	0.002  0.002  0.095  0.002  0.002  0.001  0.000  0.003  0.003  0.000  0.000  0.001  0.002  0.000  0.884  0.001  0.002	10
  9:	0.000  0.000  0.000  0.000  0.000  0.000  0.000  0.000  0.000  0.000  0.000  0.000  0.065  0.000  0.933  0.000  0.000	10
 10:	0.000  0.000  0.000  0.000  0.000  0.000  0.000  0.000  0.000  0.000  0.000  0.000  0.059  0.000  0.940  0.000  0.000	10
 11:	0.002  0.001  0.007  0.001  0.002  0.006  0.000  0.117  0.001  0.000  0.000  0.000  0.000  0.000  0.860  0.000  0.002	10
 12:	0.000  0.000  0.000  0.001  0.000  0.099  0.000  0.001  0.000  0.014  0.002  0.000  0.000  0.000  0.882  0.000  0.000	10
 13:	0.001  0.001  0.000  0.001  0.001  0.000  0.000  0.000  0.001  0.000  0.144  0.000  0.000  0.000  0.848  0.000  0.001	10
 14:	0.001  0.001  0.000  0.001  0.001  0.000  0.135  0.000  0.001  0.000  0.000  0.000  0.000  0.000  0.860  0.000  0.001	10
 15:	0.001  0.001  0.000  0.001  0.001  0.000  0.141  0.000  0.001  0.000  0.000  0.000  0.000  0.001  0.854  0.000  0.001	10
 16:	0.001  0.001  0.001  0.001  0.001  0.000  0.000  0.000  0.001  0.000  0.000  0.000  0.000  0.000  0.879  0.113  0.001	10
 17:	0.002  0.001  0.006  0.001  0.002  0.113  0.000  0.002  0.002  0.000  0.000  0.000  0.000  0.000  0.864  0.005  0.002	10
 18:	0.001  0.001  0.000  0.001  0.001  0.000  0.002  0.000  0.001  0.000  0.000  0.000  0.000  0.175  0.816  0.000  0.001	10

  1:	0.819  0.000  0.000  0.000  0.020  0.157  0.000  0.000  0.000  0.000  0.000  0.000  0.000  0.000  0.000  0.000  0.001	10
  2:	0.915  0.000  0.001  0.000  0.000  0.000  0.002  0.001  0.000  0.004  0.002  0.000  0.002  0.000  0.002  0.002  0.070	8
  3:	0.896  0.000  0.000  0.000  0.000  0.000  0.000  0.000  0.000  0.000  0.000  0.000  0.000  0.101  0.000  0.000  0.000	10
  4:	0.912  0.000  0.000  0.000  0.080  0.000  0.000  0.000  0.000  0.000  0.000  0.000  0.000  0.006  0.000  0.000  0.000	10
  5:	0.836  0.000  0.001  0.158  0.000  0.000  0.001  0.001  0.000  0.000  0.001  0.000  0.001  0.000  0.001  0.001  0.000	10
  6:	0.902  0.000  0.000  0.000  0.000  0.000  0.000  0.000  0.000  0.000  0.000  0.000  0.000  0.095  0.000  0.000  0.000	10
  7:	0.857  0.000  0.000  0.000  0.000  0.141  0.000  0.000  0.000  0.000  0.000  0.000  0.000  0.000  0.000  0.000  0.000	10
  8:	0.890  0.002  0.002  0.000  0.000  0.001  0.002  0.001  0.000  0.004  0.001  0.000  0.002  0.000  0.002  0.002  0.091	10
  9:	0.941  0.000  0.000  0.000  0.000  0.057  0.000  0.000  0.000  0.000  0.000  0.000  0.000  0.000  0.000  0.000  0.000	10
 10:	0.948  0.000  0.000  0.000  0.000  0.051  0.000  0.000  0.000  0.000  0.000  0.000  0.000  0.000  0.000  0.000  0.000	10
 11:	0.866  0.120  0.001  0.000  0.000  0.000  0.001  0.001  0.001  0.003  0.001  0.000  0.001  0.000  0.001  0.001  0.002	10
 12:	0.903  0.001  0.001  0.000  0.000  0.000  0.002  0.001  0.085  0.001  0.003  0.000  0.001  0.000  0.001  0.001  0.000	10
 13:	0.870  0.001  0.002  0.000  0.000  0.000  0.001  0.002  0.118  0.000  0.002  0.000  0.002  0.000  0.002  0.001  0.001	10
 14:	0.876  0.000  0.000  0.000  0.000  0.000  0.000  0.001  0.000  0.000  0.000  0.121  0.001  0.000  0.001  0.001  0.000	10
 15:	0.871  0.000  0.000  0.000  0.000  0.000  0.000  0.000  0.000  0.000  0.000  0.126  0.000  0.000  0.000  0.000  0.000	10
 16:	0.901  0.000  0.001  0.000  0.002  0.001  0.001  0.001  0.000  0.089  0.001  0.000  0.001  0.000  0.001  0.001  0.000	10
 17:	0.869  0.002  0.001  0.000  0.000  0.000  0.001  0.001  0.002  0.118  0.001  0.000  0.001  0.000  0.001  0.001  0.001	10
 18:	0.827  0.000  0.001  0.164  0.000  0.000  0.001  0.001  0.000  0.000  0.001  0.001  0.001  0.000  0.001  0.001  0.000	10

  1:	0.000  0.000  0.817  0.161  0.000  0.000  0.017  0.000  0.000  0.000  0.000  0.001  0.000  0.001  0.000  0.000  0.000	10
  2:	0.000  0.001  0.900  0.000  0.002  0.000  0.002  0.001  0.000  0.002  0.001  0.013  0.002  0.071  0.001  0.000  0.003	8
  3:	0.000  0.000  0.891  0.000  0.000  0.106  0.000  0.000  0.000  0.000  0.000  0.000  0.000  0.000  0.000  0.000  0.000	10
  4:	0.000  0.000  0.868  0.000  0.001  0.000  0.000  0.001  0.000  0.001  0.000  0.127  0.001  0.000  0.001  0.000  0.001	10
  5:	0.001  0.000  0.806  0.000  0.001  0.000  0.000  0.001  0.188  0.001  0.000  0.000  0.001  0.000  0.001  0.000  0.001	10
  6:	0.000  0.000  0.896  0.000  0.001  0.100  0.000  0.000  0.000  0.001  0.000  0.000  0.000  0.000  0.001  0.000  0.001	10
  7:	0.000  0.000  0.855  0.143  0.000  0.000  0.000  0.000  0.000  0.000  0.000  0.000  0.000  0.000  0.000  0.000  0.000	10
  8:	0.000  0.001  0.879  0.001  0.002  0.001  0.000  0.003  0.000  0.002  0.004  0.007  0.002  0.094  0.002  0.000  0.002	10
  9:	0.000  0.000  0.941  0.057  0.000  0.000  0.000  0.000  0.000  0.000  0.000  0.000  0.000  0.000  0.000  0.000  0.000	10
 10:	0.000  0.000  0.948  0.050  0.000  0.000  0.000  0.000  0.000  0.000  0.000  0.000  0.000  0.000  0.000  0.000  0.000	10
 11:	0.000  0.107  0.841  0.000  0.002  0.000  0.001  0.004  0.000  0.001  0.017  0.009  0.002  0.008  0.003  0.001  0.003	10
 12:	0.000  0.141  0.843  0.000  0.000  0.000  0.011  0.000  0.000  0.000  0.000  0.000  0.000  0.000  0.001  0.001  0.000	10
 13:	0.000  0.006  0.840  0.000  0.001  0.000  0.000  0.001  0.000  0.001  0.000  0.001  0.001  0.000  0.001  0.146  0.001	10
 14:	0.192  0.000  0.804  0.000  0.001  0.000  0.000  0.001  0.000  0.001  0.000  0.000  0.001  0.000  0.001  0.000  0.001	10
 15:	0.201  0.000  0.795  0.000  0.001  0.000  0.000  0.001  0.001  0.001  0.000  0.000  0.000  0.000  0.001  0.000  0.001	10
 16:	0.000  0.000  0.834  0.000  0.001  0.000  0.000  0.001  0.000  0.001  0.000  0.159  0.001  0.000  0.001  0.000  0.001	10
 17:	0.000  0.004  0.856  0.000  0.001  0.000  0.000  0.001  0.000  0.001  0.123  0.012  0.001  0.001  0.001  0.000  0.001	10
 18:	0.018  0.000  0.784  0.000  0.001  0.000  0.000  0.001  0.191  0.001  0.000  0.000  0.001  0.000  0.001  0.000  0.001	10

  1:	0.001  0.150  0.000  0.000  0.000  0.001  0.000  0.001  0.007  0.001  0.001  0.001  0.001  0.834  0.000  0.001  0.000	10
  2:	0.002  0.000  0.000  0.000  0.000  0.002  0.001  0.057  0.002  0.018  0.002  0.002  0.002  0.909  0.000  0.003  0.000	8
  3:	0.000  0.000  0.000  0.000  0.000  0.000  0.000  0.000  0.000  0.000  0.000  0.000  0.000  0.885  0.112  0.000  0.000	10
  4:	0.001  0.000  0.000  0.000  0.000  0.001  0.000  0.000  0.001  0.000  0.001  0.080  0.001  0.913  0.000  0.001  0.000	10
  5:	0.001  0.000  0.000  0.000  0.169  0.001  0.000  0.000  0.001  0.000  0.001  0.000  0.001  0.825  0.000  0.001  0.000	10
  6:	0.001  0.000  0.000  0.000  0.000  0.000  0.000  0.000  0.000  0.000  0.001  0.000  0.000  0.891  0.105  0.000  0.000	10
  7:	0.000  0.128  0.000  0.000  0.000  0.000  0.000  0.000  0.000  0.000  0.000  0.000  0.000  0.871  0.000  0.000  0.000	10
  8:	0.002  0.001  0.000  0.000  0.000  0.001  0.003  0.073  0.001  0.026  0.003  0.001  0.002  0.882  0.001  0.002  0.000	10
  9:	0.000  0.050  0.000  0.000  0.000  0.000  0.000  0.000  0.000  0.000  0.000  0.000  0.000  0.947  0.000  0.000  0.000	10
 10:	0.000  0.045  0.000  0.000  0.000  0.000  0.000  0.000  0.000  0.000  0.000  0.000  0.000  0.953  0.000  0.000  0.000	10
 11:	0.001  0.000  0.000  0.000  0.000  0.002  0.003  0.001  0.001  0.125  0.001  0.000  0.001  0.859  0.000  0.001  0.004	10
 12:	0.001  0.000  0.000  0.000  0.000  0.000  0.000  0.001  0.008  0.001  0.001  0.000  0.001  0.889  0.000  0.000  0.097	10
 13:	0.002  0.000  0.000  0.000  0.000  0.002  0.000  0.001  0.002  0.001  0.002  0.000  0.002  0.850  0.000  0.001  0.138	10
 14:	0.000  0.000  0.000  0.156  0.000  0.000  0.000  0.000  0.000  0.000  0.000  0.000  0.000  0.842  0.000  0.000  0.000	10
 15:	0.000  0.000  0.149  0.009  0.000  0.000  0.000  0.000  0.000  0.000  0.000  0.000  0.000  0.841  0.000  0.000  0.000	10
 16:	0.001  0.000  0.000  0.000  0.000  0.001  0.001  0.001  0.001  0.000  0.001  0.105  0.001  0.887  0.000  0.001  0.000	10
 17:	0.001  0.000  0.000  0.000  0.000  0.000  0.124  0.001  0.000  0.001  0.001  0.001  0.001  0.870  0.000  0.000  0.001	10
 18:	0.001  0.000  0.001  0.000  0.176  0.001  0.000  0.000  0.001  0.000  0.001  0.000  0.001  0.815  0.000  0.001  0.000	10

  1:	0.001  0.842  0.001  0.004  0.001  0.001  0.146  0.001  0.001  0.001  0.000  0.000  0.000  0.001  0.000  0.001  0.000	10
  2:	0.002  0.917  0.000  0.002  0.002  0.002  0.000  0.002  0.001  0.002  0.000  0.000  0.000  0.002  0.000  0.068  0.000	8
  3:	0.000  0.887  0.000  0.000  0.000  0.000  0.000  0.000  0.000  0.000  0.000  0.000  0.111  0.000  0.000  0.000  0.000	10
  4:	0.001  0.913  0.000  0.000  0.001  0.001  0.001  0.080  0.001  0.001  0.000  0.000  0.000  0.001  0.000  0.000  0.000	10
  5:	0.001  0.830  0.000  0.000  0.001  0.001  0.000  0.000  0.001  0.001  0.000  0.000  0.000  0.001  0.000  0.000  0.165	10
  6:	0.000  0.894  0.000  0.000  0.000  0.000  0.000  0.000  0.000  0.000  0.000  0.000  0.104  0.000  0.000  0.000  0.000	10
  7:	0.000  0.880  0.000  0.000  0.000  0.000  0.119  0.000  0.000  0.000  0.000  0.000  0.000  0.000  0.000  0.000  0.000	10
  8:	0.002  0.894  0.001  0.000  0.002  0.002  0.001  0.001  0.002  0.002  0.002  0.000  0.001  0.002  0.000  0.089  0.000	10
  9:	0.000  0.951  0.000  0.000  0.000  0.000  0.047  0.000  0.000  0.000  0.000  0.000  0.000  0.000  0.000  0.000  0.000	10
 10:	0.000  0.957  0.000  0.000  0.000  0.000  0.042  0.000  0.000  0.000  0.000  0.000  0.000  0.000  0.000  0.000  0.000	10
 11:	0.001  0.871  0.004  0.000  0.001  0.001  0.000  0.000  0.001  0.001  0.116  0.000  0.000  0.001  0.000  0.001  0.000	10
 12:	0.000  0.893  0.091  0.011  0.000  0.001  0.000  0.000  0.000  0.000  0.001  0.002  0.000  0.001  0.000  0.000  0.000	10
 13:	0.001  0.851  0.000  0.000  0.001  0.001  0.000  0.000  0.001  0.001  0.000  0.142  0.000  0.001  0.000  0.000  0.000	10
 14:	0.001  0.875  0.000  0.000  0.001  0.001  0.000  0.000  0.001  0.001  0.000  0.000  0.000  0.001  0.121  0.000  0.000	10
 15:	0.001  0.871  0.000  0.000  0.001  0.001  0.000  0.000  0.001  0.001  0.000  0.000  0.000  0.001  0.125  0.000  0.001	10
 16:	0.001  0.888  0.000  0.000  0.001  0.001  0.000  0.106  0.001  0.001  0.000  0.000  0.000  0.001  0.000  0.001  0.000	10
 17:	0.001  0.877  0.105  0.000  0.001  0.002  0.000  0.004  0.001  0.001  0.002  0.000  0.000  0.001  0.000  0.004  0.000	10
 18:	0.001  0.820  0.000  0.001  0.001  0.001  0.000  0.000  0.001  0.001  0.000  0.000  0.000  0.001  0.002  0.000  0.171	10

  1:	0.000  0.145  0.000  0.000  0.000  0.000  0.000  0.038  0.000  0.815  0.000  0.000  0.000  0.000  0.000  0.000  0.000	10
  2:	0.000  0.000  0.000  0.000  0.003  0.000  0.076  0.000  0.002  0.904  0.002  0.002  0.004  0.000  0.000  0.003  0.003	8
  3:	0.000  0.000  0.000  0.000  0.001  0.110  0.000  0.000  0.001  0.887  0.000  0.000  0.001  0.000  0.000  0.000  0.001	10
  4:	0.000  0.000  0.000  0.000  0.001  0.000  0.000  0.000  0.001  0.903  0.000  0.001  0.001  0.000  0.000  0.089  0.001	10
  5:	0.000  0.000  0.000  0.000  0.002  0.000  0.000  0.000  0.002  0.816  0.000  0.003  0.001  0.000  0.175  0.000  0.001	10
  6:	0.000  0.000  0.000  0.000  0.001  0.103  0.000  0.000  0.001  0.893  0.000  0.000  0.001  0.000  0.000  0.000  0.001	10
  7:	0.000  0.147  0.000  0.000  0.000  0.000  0.000  0.000  0.000  0.852  0.000  0.000  0.000  0.000  0.000  0.000  0.000	10
  8:	0.000  0.002  0.000  0.003  0.001  0.001  0.096  0.011  0.001  0.877  0.003  0.000  0.002  0.000  0.000  0.001  0.001	10
  9:	0.000  0.060  0.000  0.000  0.001  0.000  0.000  0.000  0.001  0.938  0.000  0.000  0.001  0.000  0.000  0.000  0.001	10
 10:	0.000  0.052  0.000  0.000  0.000  0.000  0.000  0.000  0.000  0.946  0.000  0.000  0.000  0.000  0.000  0.000  0.000	10
 11:	0.000  0.000  0.004  0.134  0.002  0.000  0.002  0.000  0.002  0.848  0.003  0.001  0.002  0.000  0.000  0.000  0.002	10
 12:	0.002  0.000  0.162  0.000  0.001  0.000  0.000  0.000  0.001  0.830  0.000  0.002  0.001  0.000  0.000  0.000  0.001	10
 13:	0.152  0.000  0.000  0.000  0.002  0.000  0.000  0.000  0.002  0.838  0.000  0.001  0.002  0.000  0.000  0.000  0.002	10
 14:	0.000  0.000  0.000  0.000  0.001  0.000  0.000  0.000  0.001  0.869  0.000  0.000  0.001  0.126  0.000  0.000  0.001	10
 15:	0.000  0.000  0.000  0.000  0.001  0.000  0.000  0.000  0.001  0.865  0.000  0.000  0.001  0.131  0.000  0.000  0.001	10
 16:	0.000  0.000  0.000  0.000  0.001  0.000  0.001  0.000  0.001  0.874  0.001  0.001  0.002  0.000  0.000  0.117  0.001	10
 17:	0.000  0.000  0.003  0.001  0.001  0.000  0.001  0.000  0.001  0.861  0.128  0.000  0.001  0.000  0.000  0.001  0.001	10
 18:	0.000  0.000  0.000  0.000  0.002  0.000  0.000  0.000  0.001  0.804  0.000  0.062  0.001  0.001  0.126  0.000  0.002	10

  1:	0.001  0.001  0.000  0.737  0.001  0.000  0.019  0.000  0.000  0.001  0.000  0.238  0.002  0.001  0.001  0.000  0.000	10
  2:	0.002  0.002  0.001  0.905  0.002  0.003  0.001  0.000  0.000  0.002  0.000  0.003  0.075  0.002  0.002  0.000  0.000	8
  3:	0.001  0.000  0.000  0.798  0.000  0.000  0.000  0.000  0.000  0.000  0.000  0.000  0.000  0.000  0.000  0.198  0.000	10
  4:	0.001  0.001  0.000  0.889  0.001  0.102  0.000  0.000  0.000  0.001  0.000  0.004  0.000  0.001  0.001  0.000  0.000	10
  5:	0.001  0.001  0.000  0.791  0.001  0.000  0.000  0.000  0.202  0.001  0.002  0.000  0.000  0.001  0.001  0.000  0.000	10
  6:	0.001  0.001  0.000  0.799  0.001  0.000  0.000  0.000  0.000  0.001  0.000  0.000  0.000  0.000  0.001  0.197  0.000	10
  7:	0.000  0.000  0.000  0.778  0.000  0.000  0.000  0.000  0.000  0.000  0.000  0.221  0.000  0.000  0.000  0.000  0.000	10
  8:	0.003  0.002  0.003  0.876  0.001  0.001  0.001  0.002  0.000  0.002  0.000  0.007  0.098  0.002  0.002  0.001  0.000	10
  9:	0.000  0.000  0.000  0.881  0.000  0.000  0.000  0.000  0.000  0.000  0.000  0.116  0.000  0.000  0.000  0.000  0.000	10
 10:	0.000  0.000  0.000  0.885  0.000  0.000  0.000  0.000  0.000  0.000  0.000  0.113  0.000  0.000  0.000  0.000  0.000	10
 11:	0.002  0.001  0.004  0.863  0.001  0.000  0.001  0.119  0.000  0.001  0.000  0.001  0.002  0.001  0.001  0.001  0.001	10
 12:	0.001  0.001  0.000  0.890  0.001  0.000  0.009  0.001  0.000  0.001  0.000  0.000  0.000  0.000  0.000  0.000  0.095	10
 13:	0.001  0.001  0.000  0.848  0.001  0.000  0.001  0.000  0.000  0.002  0.000  0.000  0.000  0.002  0.001  0.000  0.140	10
 14:	0.001  0.001  0.000  0.799  0.001  0.000  0.000  0.000  0.000  0.001  0.197  0.000  0.000  0.001  0.001  0.000  0.000	10
 15:	0.001  0.001  0.000  0.794  0.001  0.000  0.000  0.000  0.001  0.001  0.202  0.000  0.000  0.001  0.001  0.000  0.000	10
 16:	0.001  0.001  0.000  0.862  0.001  0.130  0.000  0.000  0.000  0.001  0.000  0.001  0.000  0.001  0.001  0.000  0.000	10
 17:	0.001  0.001  0.126  0.866  0.001  0.001  0.000  0.001  0.000  0.001  0.000  0.001  0.001  0.001  0.001  0.000  0.001	10
 18:	0.001  0.001  0.000  0.771  0.001  0.000  0.001  0.000  0.203  0.001  0.019  0.000  0.000  0.001  0.001  0.000  0.000	10

  1:	0.001  0.001  0.173  0.001  0.001  0.011  0.000  0.000  0.001  0.001  0.001  0.136  0.001  0.001  0.000  0.000  0.671	10
  2:	0.078  0.001  0.006  0.001  0.002  0.002  0.000  0.000  0.002  0.002  0.001  0.000  0.001  0.002  0.000  0.001  0.902	8
  3:	0.000  0.000  0.294  0.000  0.001  0.001  0.000  0.000  0.001  0.001  0.001  0.000  0.001  0.001  0.000  0.000  0.700	10
  4:	0.000  0.065  0.005  0.000  0.001  0.001  0.000  0.000  0.001  0.001  0.000  0.009  0.001  0.001  0.000  0.000  0.913	10
  5:	0.000  0.000  0.002  0.000  0.001  0.001  0.002  0.000  0.001  0.001  0.000  0.000  0.001  0.001  0.272  0.000  0.717	10
  6:	0.000  0.000  0.290  0.000  0.001  0.001  0.000  0.000  0.001  0.001  0.000  0.000  0.001  0.001  0.000  0.000  0.705	10
  7:	0.000  0.000  0.160  0.000  0.000  0.000  0.000  0.000  0.000  0.000  0.000  0.119  0.000  0.000  0.000  0.000  0.719	10
  8:	0.104  0.001  0.018  0.001  0.002  0.002  0.000  0.000  0.001  0.002  0.001  0.001  0.002  0.002  0.000  0.002  0.861	10
  9:	0.000  0.000  0.171  0.000  0.000  0.000  0.000  0.000  0.000  0.000  0.000  0.044  0.000  0.000  0.000  0.000  0.782	10
 10:	0.000  0.000  0.163  0.000  0.000  0.000  0.000  0.000  0.000  0.000  0.000  0.040  0.000  0.000  0.000  0.000  0.796	10
 11:	0.015  0.000  0.002  0.058  0.001  0.001  0.000  0.000  0.001  0.002  0.091  0.000  0.002  0.002  0.000  0.003  0.820	10
 12:	0.000  0.000  0.001  0.246  0.001  0.003  0.000  0.002  0.001  0.000  0.001  0.000  0.000  0.000  0.000  0.000  0.744	10
 13:	0.000  0.000  0.002  0.085  0.001  0.001  0.000  0.143  0.001  0.002  0.001  0.000  0.001  0.002  0.000  0.000  0.760	10
 14:	0.000  0.000  0.000  0.000  0.001  0.001  0.298  0.000  0.001  0.001  0.000  0.000  0.001  0.001  0.000  0.000  0.697	10
 15:	0.000  0.000  0.000  0.000  0.001  0.000  0.305  0.000  0.001  0.001  0.000  0.000  0.001  0.001  0.001  0.000  0.690	10
 16:	0.001  0.097  0.001  0.000  0.001  0.001  0.000  0.000  0.001  0.001  0.000  0.001  0.001  0.001  0.000  0.001  0.894	10
 17:	0.001  0.001  0.001  0.008  0.001  0.001  0.000  0.000  0.001  0.001  0.001  0.000  0.001  0.001  0.000  0.129  0.854	10
 18:	0.000  0.000  0.001  0.000  0.001  0.001  0.036  0.000  0.001  0.001  0.000  0.000  0.001  0.002  0.258  0.000  0.697	10

  1:	0.000  0.000  0.000  0.000  0.000  0.000  0.000  0.000  0.000  0.000  0.000  0.000  0.000  0.000  0.780  0.041  0.178	10
  2:	0.000  0.002  0.000  0.003  0.000  0.003  0.001  0.000  0.081  0.003  0.000  0.000  0.000  0.003  0.900  0.001  0.000	8
  3:	0.000  0.001  0.000  0.000  0.000  0.001  0.000  0.000  0.000  0.001  0.000  0.000  0.116  0.001  0.880  0.000  0.000	10
  4:	0.000  0.001  0.001  0.091  0.000  0.001  0.000  0.000  0.000  0.001  0.000  0.000  0.000  0.001  0.901  0.000  0.001	10
  5:	0.000  0.002  0.000  0.000  0.197  0.002  0.000  0.006  0.000  0.002  0.000  0.000  0.000  0.002  0.788  0.000  0.000	10
  6:	0.000  0.001  0.000  0.000  0.000  0.001  0.000  0.000  0.000  0.001  0.000  0.000  0.109  0.001  0.886  0.000  0.000	10
  7:	0.000  0.000  0.000  0.000  0.000  0.000  0.000  0.000  0.000  0.000  0.000  0.000  0.000  0.000  0.821  0.000  0.178	10
  8:	0.000  0.003  0.000  0.001  0.000  0.003  0.003  0.000  0.105  0.003  0.000  0.002  0.000  0.003  0.872  0.001  0.002	10
  9:	0.000  0.001  0.000  0.000  0.000  0.001  0.000  0.000  0.000  0.001  0.000  0.000  0.000  0.001  0.924  0.000  0.073	10
 10:	0.000  0.000  0.000  0.000  0.000  0.000  0.000  0.000  0.000  0.000  0.000  0.000  0.000  0.000  0.934  0.000  0.065	10
 11:	0.000  0.003  0.007  0.000  0.000  0.002  0.004  0.000  0.002  0.002  0.000  0.122  0.000  0.002  0.855  0.000  0.000	10
 12:	0.000  0.000  0.159  0.000  0.000  0.000  0.000  0.000  0.000  0.000  0.000  0.000  0.000  0.000  0.829  0.011  0.000	10
 13:	0.166  0.002  0.000  0.000  0.000  0.001  0.000  0.000  0.000  0.001  0.000  0.000  0.000  0.001  0.826  0.000  0.000	10
 14:	0.000  0.001  0.000  0.000  0.000  0.001  0.000  0.000  0.000  0.001  0.125  0.000  0.000  0.001  0.870  0.000  0.000	10
 15:	0.000  0.001  0.000  0.000  0.000  0.001  0.000  0.001  0.000  0.001  0.129  0.000  0.000  0.001  0.866  0.000  0.000	10
 16:	0.000  0.001  0.000  0.120  0.000  0.002  0.001  0.000  0.001  0.002  0.000  0.000  0.000  0.001  0.872  0.000  0.000	10
 17:	0.000  0.002  0.004  0.002  0.000  0.002  0.139  0.000  0.001  0.002  0.000  0.001  0.000  0.001  0.846  0.000  0.000	10
 18:	0.000  0.002  0.000  0.000  0.032  0.002  0.000  0.171  0.000  0.002  0.001  0.000  0.000  0.001  0.788  0.000  0.000	10

  1:	0.000  0.004  0.001  0.001  0.001  0.002  0.001  0.000  0.000  0.001  0.000  0.000  0.694  0.293  0.000  0.000  0.001	10
  2:	0.000  0.003  0.006  0.002  0.002  0.071  0.002  0.000  0.000  0.002  0.000  0.002  0.900  0.007  0.000  0.000  0.002	8
  3:	0.000  0.000  0.000  0.001  0.001  0.000  0.000  0.000  0.000  0.001  0.183  0.000  0.813  0.000  0.000  0.000  0.001	10
  4:	0.000  0.001  0.118  0.001  0.001  0.000  0.001  0.000  0.000  0.001  0.000  0.000  0.866  0.010  0.000  0.000  0.001	10
  5:	0.004  0.001  0.000  0.001  0.001  0.000  0.001  0.000  0.202  0.001  0.000  0.000  0.736  0.000  0.050  0.000  0.001	10
  6:	0.000  0.000  0.000  0.001  0.001  0.000  0.001  0.000  0.000  0.001  0.178  0.000  0.818  0.000  0.000  0.000  0.001	10
  7:	0.000  0.000  0.000  0.000  0.000  0.000  0.000  0.000  0.000  0.000  0.000  0.000  0.749  0.250  0.000  0.000  0.000	10
  8:	0.000  0.002  0.002  0.002  0.002  0.093  0.002  0.003  0.000  0.003  0.001  0.004  0.870  0.013  0.000  0.000  0.002	10
  9:	0.000  0.000  0.000  0.000  0.000  0.000  0.000  0.000  0.000  0.000  0.000  0.000  0.854  0.143  0.000  0.000  0.000	10
 10:	0.000  0.000  0.000  0.000  0.000  0.000  0.000  0.000  0.000  0.000  0.000  0.000  0.858  0.140  0.000  0.000  0.000	10
 11:	0.000  0.001  0.001  0.002  0.002  0.002  0.002  0.127  0.000  0.002  0.001  0.004  0.854  0.001  0.000  0.001  0.002	10
 12:	0.000  0.007  0.000  0.002  0.001  0.000  0.001  0.001  0.000  0.001  0.000  0.001  0.901  0.000  0.000  0.082  0.003	10
 13:	0.000  0.002  0.000  0.002  0.002  0.001  0.002  0.001  0.000  0.002  0.000  0.000  0.861  0.000  0.000  0.123  0.002	10
 14:	0.000  0.001  0.000  0.001  0.001  0.000  0.001  0.000  0.000  0.001  0.000  0.000  0.735  0.000  0.260  0.000  0.001	10
 15:	0.001  0.001  0.000  0.001  0.001  0.000  0.001  0.000  0.000  0.001  0.000  0.000  0.722  0.000  0.273  0.000  0.001	10
 16:	0.000  0.001  0.147  0.001  0.001  0.001  0.001  0.000  0.000  0.001  0.000  0.001  0.842  0.002  0.000  0.000  0.001	10
 17:	0.000  0.001  0.002  0.001  0.001  0.001  0.001  0.001  0.000  0.001  0.000  0.134  0.853  0.002  0.000  0.001  0.001	10
 18:	0.183  0.001  0.000  0.001  0.001  0.000  0.001  0.000  0.029  0.002  0.000  0.000  0.724  0.000  0.057  0.000  0.002	10

