  1:	0.000  0.000  0.000  0.000  0.018  0.000  0.000  0.000  0.000  0.000  0.177  0.000  0.792  0.000  0.000  0.000  0.011  0.000	10
  2:	0.003  0.000  0.000  0.002  0.002  0.003  0.000  0.000  0.000  0.002  0.000  0.002  0.910  0.002  0.000  0.071  0.002  0.000	8
  3:	0.001  0.000  0.000  0.000  0.000  0.001  0.000  0.000  0.000  0.001  0.000  0.000  0.879  0.001  0.000  0.000  0.000  0.118	10
  4:	0.001  0.000  0.000  0.000  0.001  0.001  0.001  0.000  0.000  0.001  0.000  0.081  0.911  0.001  0.000  0.000  0.001  0.000	10
  5:	0.002  0.185  0.000  0.000  0.001  0.001  0.000  0.000  0.005  0.002  0.000  0.000  0.802  0.002  0.000  0.000  0.000  0.000	10
  6:	0.001  0.000  0.000  0.000  0.000  0.001  0.000  0.000  0.000  0.001  0.000  0.000  0.885  0.001  0.000  0.000  0.000  0.111	10
  7:	0.000  0.000  0.000  0.000  0.000  0.000  0.000  0.000  0.000  0.000  0.160  0.000  0.838  0.000  0.000  0.000  0.000  0.000	10
  8:	0.003  0.000  0.000  0.004  0.001  0.002  0.000  0.000  0.000  0.003  0.002  0.001  0.884  0.003  0.003  0.092  0.002  0.001	10
  9:	0.000  0.000  0.000  0.000  0.000  0.000  0.000  0.000  0.000  0.000  0.065  0.000  0.932  0.000  0.000  0.000  0.000  0.000	10
 10:	0.000  0.000  0.000  0.000  0.000  0.000  0.000  0.000  0.000  0.000  0.058  0.000  0.940  0.000  0.000  0.000  0.000  0.000	10
 11:	0.002  0.000  0.000  0.003  0.001  0.002  0.006  0.000  0.000  0.002  0.000  0.000  0.848  0.002  0.131  0.002  0.001  0.000	10
 12:	0.000  0.000  0.001  0.000  0.006  0.000  0.161  0.000  0.000  0.000  0.000  0.000  0.827  0.000  0.000  0.000  0.004  0.000	10
 13:	0.002  0.000  0.156  0.000  0.001  0.001  0.001  0.000  0.000  0.002  0.000  0.000  0.834  0.002  0.000  0.000  0.001  0.000	10
 14:	0.001  0.000  0.000  0.000  0.000  0.001  0.000  0.120  0.000  0.001  0.000  0.000  0.875  0.001  0.000  0.000  0.000  0.000	10
 15:	0.001  0.000  0.000  0.000  0.000  0.001  0.000  0.124  0.001  0.001  0.000  0.000  0.870  0.001  0.000  0.000  0.000  0.000	10
 16:	0.001  0.000  0.000  0.001  0.000  0.001  0.000  0.000  0.000  0.001  0.000  0.107  0.884  0.001  0.000  0.001  0.001  0.000	10
 17:	0.001  0.000  0.000  0.143  0.000  0.001  0.003  0.000  0.000  0.001  0.000  0.001  0.847  0.001  0.001  0.001  0.001  0.000	10
 18:	0.001  0.058  0.000  0.000  0.000  0.001  0.000  0.001  0.149  0.001  0.000  0.000  0.785  0.001  0.000  0.000  0.001  0.000	10

  1:	0.781  0.000  0.051  0.000  0.165  0.000  0.000  0.000  0.000  0.000  0.000  0.000  0.000  0.000  0.000  0.000  0.000  0.000	10
  2:	0.897  0.002  0.001  0.000  0.000  0.000  0.003  0.003  0.082  0.005  0.003  0.000  0.000  0.001  0.001  0.000  0.000  0.000	8
  3:	0.880  0.001  0.000  0.000  0.000  0.000  0.001  0.000  0.000  0.000  0.001  0.000  0.000  0.000  0.000  0.116  0.000  0.000	10
  4:	0.894  0.000  0.000  0.000  0.000  0.000  0.000  0.000  0.000  0.000  0.000  0.000  0.104  0.000  0.000  0.000  0.000  0.000	10
  5:	0.797  0.002  0.000  0.000  0.000  0.000  0.002  0.000  0.000  0.000  0.002  0.000  0.000  0.004  0.000  0.000  0.000  0.194	10
  6:	0.886  0.001  0.000  0.000  0.000  0.000  0.001  0.000  0.000  0.000  0.001  0.000  0.000  0.000  0.000  0.109  0.000  0.000	10
  7:	0.820  0.000  0.000  0.000  0.178  0.000  0.000  0.000  0.000  0.000  0.000  0.000  0.000  0.000  0.000  0.000  0.000  0.000	10
  8:	0.868  0.002  0.007  0.000  0.002  0.000  0.003  0.001  0.107  0.000  0.002  0.000  0.000  0.001  0.004  0.000  0.002  0.000	10
  9:	0.923  0.001  0.000  0.000  0.074  0.000  0.001  0.000  0.000  0.000  0.001  0.000  0.000  0.000  0.000  0.000  0.000  0.000	10
 10:	0.933  0.000  0.000  0.000  0.065  0.000  0.000  0.000  0.000  0.000  0.000  0.000  0.000  0.000  0.000  0.000  0.000  0.000	10
 11:	0.852  0.003  0.000  0.000  0.000  0.007  0.003  0.000  0.003  0.000  0.002  0.000  0.000  0.001  0.005  0.000  0.123  0.000	10
 12:	0.812  0.000  0.000  0.001  0.000  0.174  0.001  0.000  0.000  0.011  0.000  0.000  0.000  0.000  0.000  0.000  0.000  0.000	10
 13:	0.827  0.002  0.000  0.163  0.000  0.001  0.002  0.000  0.000  0.000  0.002  0.000  0.000  0.001  0.000  0.000  0.000  0.000	10
 14:	0.875  0.001  0.000  0.000  0.000  0.000  0.002  0.000  0.000  0.000  0.001  0.119  0.000  0.001  0.000  0.000  0.000  0.000	10
 15:	0.871  0.001  0.000  0.000  0.000  0.000  0.001  0.000  0.000  0.000  0.001  0.123  0.000  0.001  0.000  0.000  0.000  0.001	10
 16:	0.859  0.001  0.000  0.000  0.001  0.000  0.001  0.136  0.000  0.000  0.001  0.000  0.001  0.000  0.000  0.000  0.000  0.000	10
 17:	0.839  0.001  0.000  0.000  0.000  0.002  0.001  0.001  0.001  0.000  0.001  0.000  0.000  0.000  0.153  0.000  0.000  0.000	10
 18:	0.788  0.003  0.000  0.000  0.000  0.000  0.002  0.000  0.000  0.000  0.002  0.001  0.000  0.094  0.000  0.000  0.000  0.110	10

  1:	0.000  0.000  0.003  0.000  0.000  0.000  0.000  0.000  0.000  0.000  0.000  0.034  0.000  0.256  0.000  0.000  0.000  0.703	10
  2:	0.003  0.003  0.070  0.000  0.000  0.002  0.000  0.012  0.002  0.000  0.000  0.002  0.000  0.011  0.002  0.004  0.003  0.885	8
  3:	0.001  0.001  0.000  0.218  0.000  0.001  0.000  0.000  0.000  0.000  0.000  0.000  0.000  0.000  0.001  0.000  0.001  0.778	10
  4:	0.001  0.001  0.000  0.000  0.000  0.001  0.000  0.135  0.000  0.001  0.000  0.000  0.000  0.013  0.001  0.000  0.001  0.844	10
  5:	0.002  0.001  0.000  0.000  0.000  0.002  0.059  0.000  0.000  0.000  0.007  0.000  0.194  0.000  0.002  0.000  0.002  0.731	10
  6:	0.001  0.001  0.000  0.210  0.000  0.001  0.000  0.000  0.000  0.000  0.000  0.000  0.000  0.000  0.001  0.000  0.001  0.785	10
  7:	0.000  0.000  0.000  0.000  0.000  0.000  0.000  0.000  0.000  0.000  0.000  0.000  0.000  0.259  0.000  0.000  0.000  0.740	10
  8:	0.002  0.003  0.090  0.001  0.000  0.003  0.000  0.005  0.004  0.001  0.000  0.001  0.000  0.020  0.002  0.009  0.004  0.855	10
  9:	0.000  0.001  0.000  0.000  0.000  0.000  0.000  0.000  0.000  0.000  0.000  0.000  0.000  0.156  0.001  0.000  0.001  0.841	10
 10:	0.000  0.000  0.000  0.000  0.000  0.000  0.000  0.000  0.000  0.000  0.000  0.000  0.000  0.146  0.000  0.000  0.000  0.852	10
 11:	0.002  0.002  0.002  0.001  0.000  0.003  0.000  0.001  0.004  0.008  0.000  0.000  0.000  0.001  0.002  0.126  0.002  0.847	10
 12:	0.000  0.000  0.000  0.000  0.001  0.000  0.000  0.000  0.000  0.166  0.000  0.009  0.000  0.000  0.000  0.000  0.000  0.822	10
 13:	0.002  0.001  0.000  0.000  0.152  0.002  0.000  0.000  0.000  0.001  0.000  0.000  0.000  0.000  0.002  0.001  0.002  0.835	10
 14:	0.001  0.001  0.000  0.000  0.000  0.001  0.245  0.000  0.000  0.000  0.000  0.000  0.000  0.000  0.001  0.000  0.001  0.749	10
 15:	0.001  0.001  0.000  0.000  0.000  0.001  0.254  0.000  0.000  0.000  0.001  0.000  0.000  0.000  0.001  0.000  0.001  0.740	10
 16:	0.001  0.001  0.001  0.001  0.000  0.001  0.000  0.168  0.001  0.000  0.000  0.000  0.000  0.004  0.002  0.000  0.001  0.819	10
 17:	0.001  0.001  0.001  0.000  0.000  0.001  0.000  0.003  0.140  0.004  0.000  0.000  0.000  0.001  0.001  0.001  0.001  0.843	10
 18:	0.001  0.001  0.000  0.000  0.000  0.002  0.065  0.000  0.000  0.000  0.185  0.000  0.028  0.000  0.002  0.000  0.002  0.715	10

  1:	0.000  0.000  0.000  0.000  0.000  0.000  0.000  0.000  0.000  0.154  0.000  0.000  0.000  0.812  0.000  0.000  0.029  0.000	10
  2:	0.001  0.001  0.000  0.001  0.000  0.000  0.000  0.069  0.001  0.000  0.002  0.004  0.004  0.911  0.004  0.001  0.000  0.000	8
  3:	0.000  0.001  0.000  0.000  0.000  0.000  0.111  0.000  0.001  0.000  0.000  0.000  0.000  0.886  0.000  0.001  0.000  0.000	10
  4:	0.000  0.000  0.000  0.000  0.000  0.000  0.000  0.000  0.000  0.006  0.000  0.000  0.000  0.903  0.000  0.000  0.090  0.000	10
  5:	0.000  0.001  0.181  0.000  0.000  0.000  0.000  0.000  0.001  0.000  0.003  0.001  0.000  0.810  0.000  0.002  0.000  0.000	10
  6:	0.000  0.001  0.000  0.000  0.000  0.000  0.104  0.000  0.001  0.000  0.000  0.000  0.000  0.892  0.000  0.001  0.000  0.000	10
  7:	0.000  0.000  0.000  0.000  0.000  0.000  0.000  0.000  0.000  0.145  0.000  0.000  0.000  0.853  0.000  0.000  0.000  0.000	10
  8:	0.003  0.002  0.000  0.000  0.000  0.002  0.000  0.092  0.003  0.002  0.001  0.002  0.004  0.885  0.001  0.002  0.000  0.000	10
  9:	0.000  0.001  0.000  0.000  0.000  0.000  0.000  0.000  0.001  0.059  0.000  0.000  0.000  0.938  0.000  0.001  0.000  0.000	10
 10:	0.000  0.000  0.000  0.000  0.000  0.000  0.000  0.000  0.000  0.052  0.000  0.000  0.000  0.946  0.000  0.000  0.000  0.000	10
 11:	0.001  0.002  0.000  0.000  0.000  0.135  0.000  0.001  0.001  0.000  0.000  0.001  0.002  0.850  0.000  0.001  0.000  0.004	10
 12:	0.000  0.001  0.000  0.005  0.000  0.001  0.000  0.000  0.000  0.000  0.000  0.000  0.000  0.850  0.006  0.000  0.001  0.136	10
 13:	0.001  0.002  0.000  0.087  0.000  0.001  0.000  0.000  0.002  0.000  0.001  0.001  0.000  0.849  0.001  0.002  0.000  0.052	10
 14:	0.000  0.001  0.000  0.000  0.123  0.000  0.000  0.000  0.001  0.000  0.000  0.000  0.000  0.872  0.000  0.001  0.000  0.000	10
 15:	0.000  0.001  0.000  0.000  0.128  0.000  0.000  0.000  0.001  0.000  0.000  0.000  0.000  0.868  0.000  0.001  0.000  0.000	10
 16:	0.001  0.001  0.000  0.000  0.000  0.000  0.000  0.000  0.001  0.001  0.000  0.001  0.111  0.880  0.000  0.001  0.002  0.000	10
 17:	0.039  0.002  0.000  0.000  0.000  0.002  0.000  0.001  0.002  0.000  0.000  0.001  0.091  0.856  0.001  0.001  0.000  0.005	10
 18:	0.001  0.002  0.112  0.001  0.001  0.000  0.000  0.000  0.002  0.000  0.079  0.001  0.000  0.800  0.000  0.002  0.000  0.000	10

  1:	0.000  0.799  0.000  0.000  0.161  0.038  0.000  0.000  0.000  0.000  0.000  0.000  0.000  0.000  0.000  0.000  0.000  0.000	10
  2:	0.002  0.908  0.002  0.000  0.000  0.000  0.002  0.000  0.000  0.073  0.002  0.000  0.002  0.002  0.000  0.003  0.000  0.003	8
  3:	0.000  0.887  0.000  0.000  0.000  0.000  0.001  0.000  0.000  0.000  0.001  0.000  0.000  0.000  0.000  0.001  0.109  0.000	10
  4:	0.000  0.910  0.001  0.000  0.000  0.000  0.001  0.000  0.000  0.000  0.001  0.000  0.082  0.001  0.001  0.001  0.000  0.001	10
  5:	0.000  0.824  0.001  0.000  0.000  0.000  0.001  0.000  0.121  0.000  0.001  0.050  0.000  0.001  0.000  0.001  0.000  0.001	10
  6:	0.000  0.893  0.001  0.000  0.000  0.000  0.000  0.000  0.000  0.000  0.001  0.000  0.000  0.001  0.000  0.001  0.102  0.001	10
  7:	0.000  0.834  0.000  0.000  0.164  0.000  0.000  0.000  0.000  0.000  0.000  0.000  0.000  0.000  0.000  0.000  0.000  0.000	10
  8:	0.004  0.881  0.002  0.003  0.002  0.001  0.003  0.000  0.000  0.094  0.002  0.000  0.001  0.002  0.001  0.002  0.001  0.002	10
  9:	0.000  0.929  0.000  0.000  0.068  0.000  0.000  0.000  0.000  0.000  0.000  0.000  0.000  0.000  0.000  0.000  0.000  0.000	10
 10:	0.000  0.939  0.000  0.000  0.060  0.000  0.000  0.000  0.000  0.000  0.000  0.000  0.000  0.000  0.000  0.000  0.000  0.000	10
 11:	0.004  0.852  0.002  0.102  0.000  0.000  0.001  0.000  0.000  0.003  0.002  0.000  0.000  0.002  0.028  0.001  0.000  0.002	10
 12:	0.000  0.828  0.000  0.000  0.000  0.011  0.000  0.001  0.000  0.000  0.000  0.000  0.000  0.000  0.158  0.000  0.000  0.000	10
 13:	0.000  0.840  0.001  0.001  0.000  0.000  0.001  0.150  0.000  0.000  0.001  0.000  0.000  0.001  0.001  0.002  0.000  0.001	10
 14:	0.000  0.887  0.001  0.000  0.000  0.000  0.001  0.000  0.000  0.000  0.001  0.108  0.000  0.001  0.000  0.001  0.000  0.001	10
 15:	0.000  0.883  0.001  0.000  0.000  0.000  0.001  0.000  0.001  0.000  0.001  0.113  0.000  0.001  0.000  0.001  0.000  0.001	10
 16:	0.001  0.883  0.001  0.000  0.000  0.000  0.001  0.000  0.000  0.001  0.001  0.000  0.108  0.001  0.000  0.001  0.000  0.001	10
 17:	0.140  0.850  0.001  0.001  0.000  0.000  0.001  0.000  0.000  0.001  0.001  0.000  0.001  0.001  0.003  0.001  0.000  0.001	10
 18:	0.000  0.814  0.001  0.000  0.000  0.000  0.001  0.000  0.126  0.000  0.001  0.052  0.000  0.001  0.000  0.001  0.000  0.001	10

  1:	0.002  0.000  0.000  0.001  0.001  0.149  0.839  0.000  0.001  0.001  0.001  0.001  0.001  0.001  0.001  0.000  0.000  0.001	10
  2:	0.048  0.000  0.000  0.001  0.002  0.000  0.913  0.000  0.001  0.001  0.002  0.002  0.025  0.001  0.002  0.000  0.000  0.002	8
  3:	0.000  0.105  0.000  0.000  0.000  0.000  0.892  0.000  0.000  0.000  0.000  0.000  0.000  0.000  0.000  0.000  0.000  0.000	10
  4:	0.000  0.000  0.000  0.001  0.001  0.000  0.914  0.000  0.001  0.001  0.080  0.001  0.000  0.001  0.000  0.000  0.000  0.001	10
  5:	0.000  0.000  0.000  0.001  0.001  0.000  0.827  0.000  0.001  0.001  0.000  0.001  0.000  0.001  0.000  0.000  0.168  0.001	10
  6:	0.000  0.098  0.000  0.000  0.000  0.000  0.898  0.000  0.000  0.000  0.000  0.000  0.000  0.000  0.000  0.000  0.000  0.000	10
  7:	0.000  0.000  0.000  0.000  0.000  0.124  0.875  0.000  0.000  0.000  0.000  0.000  0.000  0.000  0.000  0.000  0.000  0.000	10
  8:	0.067  0.000  0.000  0.001  0.002  0.001  0.887  0.000  0.002  0.001  0.001  0.001  0.031  0.001  0.001  0.001  0.000  0.002	10
  9:	0.000  0.000  0.000  0.000  0.000  0.049  0.949  0.000  0.000  0.000  0.000  0.000  0.000  0.000  0.000  0.000  0.000  0.000	10
 10:	0.000  0.000  0.000  0.000  0.000  0.044  0.955  0.000  0.000  0.000  0.000  0.000  0.000  0.000  0.000  0.000  0.000  0.000	10
 11:	0.011  0.001  0.000  0.001  0.002  0.000  0.861  0.000  0.002  0.002  0.001  0.001  0.004  0.001  0.002  0.108  0.000  0.003	10
 12:	0.000  0.000  0.002  0.001  0.001  0.000  0.884  0.000  0.001  0.000  0.000  0.001  0.002  0.001  0.003  0.103  0.000  0.001	10
 13:	0.000  0.000  0.145  0.001  0.001  0.000  0.846  0.000  0.001  0.001  0.000  0.001  0.000  0.001  0.001  0.001  0.000  0.001	10
 14:	0.000  0.000  0.000  0.000  0.000  0.000  0.865  0.131  0.000  0.000  0.000  0.000  0.000  0.000  0.000  0.000  0.000  0.000	10
 15:	0.000  0.000  0.000  0.000  0.000  0.000  0.860  0.137  0.000  0.000  0.000  0.000  0.000  0.000  0.000  0.000  0.000  0.000	10
 16:	0.001  0.000  0.000  0.000  0.001  0.000  0.889  0.000  0.001  0.001  0.103  0.001  0.001  0.001  0.001  0.000  0.000  0.001	10
 17:	0.115  0.000  0.000  0.001  0.001  0.000  0.876  0.000  0.001  0.001  0.001  0.001  0.001  0.001  0.000  0.003  0.000  0.001	10
 18:	0.000  0.000  0.000  0.001  0.001  0.000  0.817  0.001  0.001  0.001  0.000  0.001  0.001  0.001  0.000  0.000  0.175  0.001	10

  1:	0.000  0.000  0.000  0.000  0.000  0.152  0.000  0.000  0.000  0.000  0.000  0.000  0.000  0.040  0.000  0.807  0.000  0.000	10
  2:	0.002  0.003  0.007  0.000  0.073  0.000  0.002  0.001  0.000  0.000  0.001  0.001  0.000  0.000  0.002  0.906  0.001  0.000	8
  3:	0.001  0.000  0.000  0.000  0.000  0.000  0.000  0.001  0.000  0.113  0.000  0.001  0.000  0.000  0.001  0.883  0.001  0.000	10
  4:	0.001  0.091  0.000  0.000  0.000  0.000  0.000  0.001  0.000  0.000  0.000  0.001  0.000  0.000  0.001  0.903  0.001  0.000	10
  5:	0.001  0.000  0.000  0.000  0.000  0.000  0.000  0.001  0.000  0.000  0.000  0.001  0.177  0.000  0.001  0.817  0.001  0.000	10
  6:	0.001  0.000  0.000  0.000  0.000  0.000  0.000  0.001  0.000  0.106  0.000  0.001  0.000  0.000  0.001  0.890  0.001  0.000	10
  7:	0.000  0.000  0.000  0.000  0.000  0.158  0.000  0.000  0.000  0.000  0.000  0.000  0.000  0.000  0.000  0.840  0.000  0.000	10
  8:	0.003  0.001  0.001  0.000  0.097  0.002  0.003  0.003  0.000  0.001  0.000  0.003  0.000  0.001  0.002  0.879  0.002  0.003	10
  9:	0.001  0.000  0.000  0.000  0.000  0.064  0.000  0.000  0.000  0.000  0.000  0.001  0.000  0.000  0.000  0.933  0.000  0.000	10
 10:	0.000  0.000  0.000  0.000  0.000  0.055  0.000  0.000  0.000  0.000  0.000  0.000  0.000  0.000  0.000  0.943  0.000  0.000	10
 11:	0.002  0.000  0.000  0.006  0.002  0.000  0.003  0.001  0.000  0.000  0.000  0.002  0.000  0.000  0.001  0.863  0.002  0.118	10
 12:	0.000  0.000  0.000  0.151  0.000  0.000  0.000  0.000  0.000  0.000  0.001  0.000  0.000  0.011  0.000  0.835  0.000  0.000	10
 13:	0.002  0.000  0.000  0.027  0.000  0.000  0.000  0.001  0.000  0.000  0.122  0.002  0.000  0.000  0.002  0.841  0.002  0.000	10
 14:	0.001  0.000  0.000  0.000  0.000  0.000  0.000  0.001  0.118  0.000  0.000  0.001  0.000  0.000  0.001  0.877  0.001  0.000	10
 15:	0.001  0.000  0.000  0.000  0.000  0.000  0.000  0.001  0.123  0.000  0.000  0.001  0.001  0.000  0.001  0.872  0.001  0.000	10
 16:	0.001  0.119  0.000  0.000  0.000  0.000  0.000  0.001  0.000  0.000  0.000  0.001  0.000  0.000  0.001  0.874  0.001  0.000	10
 17:	0.001  0.001  0.000  0.003  0.001  0.000  0.128  0.001  0.000  0.000  0.000  0.001  0.000  0.000  0.001  0.862  0.001  0.001	10
 18:	0.001  0.000  0.011  0.000  0.000  0.000  0.000  0.001  0.001  0.000  0.001  0.001  0.174  0.000  0.001  0.808  0.001  0.000	10

  1:	0.000  0.000  0.000  0.000  0.000  0.000  0.016  0.000  0.000  0.000  0.000  0.000  0.000  0.000  0.166  0.814  0.000  0.000	10
  2:	0.001  0.000  0.001  0.001  0.003  0.000  0.004  0.000  0.000  0.000  0.000  0.002  0.073  0.001  0.000  0.909  0.001  0.002	8
  3:	0.001  0.000  0.000  0.001  0.000  0.000  0.001  0.000  0.000  0.000  0.000  0.001  0.000  0.038  0.069  0.889  0.001  0.000	10
  4:	0.001  0.000  0.000  0.001  0.000  0.000  0.001  0.000  0.000  0.000  0.000  0.001  0.000  0.001  0.000  0.913  0.001  0.080	10
  5:	0.001  0.000  0.000  0.001  0.000  0.000  0.000  0.196  0.000  0.004  0.000  0.002  0.000  0.000  0.000  0.794  0.001  0.000	10
  6:	0.001  0.000  0.000  0.001  0.000  0.000  0.000  0.000  0.000  0.000  0.000  0.001  0.000  0.035  0.064  0.897  0.001  0.000	10
  7:	0.000  0.000  0.000  0.000  0.000  0.000  0.000  0.000  0.000  0.000  0.000  0.000  0.000  0.000  0.124  0.875  0.000  0.000	10
  8:	0.002  0.000  0.003  0.001  0.000  0.000  0.005  0.000  0.000  0.000  0.002  0.002  0.096  0.001  0.001  0.882  0.002  0.001	10
  9:	0.000  0.000  0.000  0.000  0.000  0.000  0.000  0.000  0.000  0.000  0.000  0.001  0.000  0.000  0.042  0.955  0.001  0.000	10
 10:	0.000  0.000  0.000  0.000  0.000  0.000  0.000  0.000  0.000  0.000  0.000  0.000  0.000  0.000  0.034  0.964  0.000  0.000	10
 11:	0.002  0.001  0.004  0.002  0.000  0.000  0.000  0.000  0.000  0.000  0.125  0.002  0.002  0.000  0.000  0.857  0.002  0.000	10
 12:	0.000  0.096  0.001  0.000  0.014  0.000  0.000  0.000  0.000  0.000  0.001  0.000  0.000  0.000  0.000  0.887  0.000  0.000	10
 13:	0.002  0.141  0.000  0.002  0.000  0.000  0.001  0.000  0.000  0.000  0.001  0.002  0.000  0.003  0.000  0.847  0.002  0.000	10
 14:	0.000  0.000  0.000  0.000  0.000  0.184  0.000  0.000  0.000  0.000  0.000  0.000  0.000  0.000  0.000  0.813  0.000  0.000	10
 15:	0.000  0.000  0.000  0.000  0.000  0.020  0.000  0.000  0.146  0.000  0.000  0.000  0.000  0.000  0.000  0.833  0.000  0.000	10
 16:	0.001  0.000  0.001  0.001  0.000  0.000  0.000  0.000  0.000  0.000  0.000  0.001  0.001  0.000  0.000  0.888  0.001  0.104	10
 17:	0.001  0.000  0.141  0.001  0.000  0.000  0.000  0.000  0.000  0.000  0.001  0.001  0.001  0.000  0.000  0.853  0.001  0.001	10
 18:	0.001  0.000  0.000  0.001  0.000  0.004  0.000  0.065  0.001  0.136  0.000  0.002  0.000  0.000  0.000  0.787  0.001  0.000	10

  1:	0.000  0.000  0.000  0.000  0.000  0.000  0.000  0.000  0.835  0.000  0.001  0.000  0.000  0.000  0.000  0.015  0.000  0.146	10
  2:	0.002  0.002  0.000  0.000  0.002  0.011  0.002  0.000  0.913  0.001  0.064  0.001  0.000  0.000  0.001  0.001  0.000  0.000	8
  3:	0.000  0.000  0.000  0.000  0.000  0.000  0.000  0.000  0.890  0.000  0.000  0.000  0.107  0.000  0.000  0.000  0.000  0.000	10
  4:	0.001  0.001  0.000  0.000  0.001  0.077  0.001  0.000  0.908  0.001  0.000  0.001  0.000  0.000  0.001  0.000  0.000  0.009	10
  5:	0.001  0.001  0.000  0.168  0.001  0.000  0.001  0.000  0.826  0.001  0.000  0.001  0.000  0.000  0.001  0.000  0.000  0.000	10
  6:	0.000  0.000  0.000  0.000  0.001  0.000  0.000  0.000  0.897  0.000  0.000  0.000  0.100  0.000  0.000  0.000  0.000  0.000	10
  7:	0.000  0.000  0.000  0.000  0.000  0.000  0.000  0.000  0.873  0.000  0.000  0.000  0.000  0.000  0.000  0.000  0.000  0.126	10
  8:	0.002  0.002  0.001  0.000  0.001  0.012  0.002  0.000  0.888  0.002  0.081  0.001  0.001  0.003  0.002  0.000  0.000  0.001	10
  9:	0.000  0.000  0.000  0.000  0.000  0.000  0.000  0.000  0.949  0.000  0.000  0.000  0.000  0.000  0.000  0.000  0.000  0.049	10
 10:	0.000  0.000  0.000  0.000  0.000  0.000  0.000  0.000  0.955  0.000  0.000  0.000  0.000  0.000  0.000  0.000  0.000  0.043	10
 11:	0.001  0.001  0.004  0.000  0.001  0.000  0.001  0.000  0.861  0.001  0.001  0.001  0.000  0.127  0.001  0.000  0.000  0.000	10
 12:	0.000  0.000  0.092  0.000  0.000  0.000  0.000  0.000  0.890  0.000  0.002  0.000  0.000  0.001  0.000  0.012  0.002  0.000	10
 13:	0.001  0.001  0.000  0.000  0.001  0.000  0.001  0.000  0.845  0.001  0.000  0.001  0.000  0.000  0.001  0.000  0.146  0.000	10
 14:	0.001  0.000  0.000  0.000  0.001  0.000  0.001  0.195  0.801  0.001  0.000  0.001  0.000  0.000  0.001  0.000  0.000  0.000	10
 15:	0.001  0.000  0.000  0.001  0.001  0.000  0.001  0.203  0.793  0.000  0.000  0.000  0.000  0.000  0.001  0.000  0.000  0.000	10
 16:	0.001  0.001  0.000  0.000  0.001  0.111  0.001  0.000  0.883  0.001  0.000  0.001  0.000  0.000  0.001  0.000  0.000  0.000	10
 17:	0.001  0.001  0.107  0.000  0.002  0.005  0.001  0.000  0.873  0.001  0.004  0.001  0.000  0.002  0.001  0.000  0.000  0.000	10
 18:	0.001  0.001  0.000  0.174  0.001  0.000  0.001  0.010  0.809  0.001  0.000  0.001  0.000  0.000  0.001  0.000  0.000  0.000	10

  1:	0.000  0.000  0.006  0.000  0.000  0.000  0.000  0.009  0.000  0.000  0.000  0.000  0.000  0.144  0.000  0.838  0.000  0.000	10
  2:	0.000  0.001  0.001  0.001  0.000  0.000  0.002  0.001  0.003  0.000  0.001  0.001  0.000  0.000  0.001  0.919  0.001  0.067	8
  3:	0.000  0.000  0.000  0.000  0.000  0.109  0.000  0.000  0.000  0.000  0.000  0.000  0.000  0.000  0.000  0.889  0.000  0.000	10
  4:	0.000  0.000  0.059  0.000  0.000  0.000  0.000  0.000  0.001  0.000  0.000  0.000  0.000  0.026  0.000  0.911  0.000  0.000	10
  5:	0.000  0.001  0.000  0.001  0.000  0.000  0.001  0.000  0.000  0.000  0.001  0.001  0.157  0.000  0.001  0.837  0.001  0.000	10
  6:	0.000  0.000  0.000  0.000  0.000  0.102  0.000  0.000  0.000  0.000  0.000  0.000  0.000  0.000  0.000  0.895  0.000  0.000	10
  7:	0.000  0.000  0.000  0.000  0.000  0.000  0.000  0.000  0.000  0.000  0.000  0.000  0.000  0.123  0.000  0.876  0.000  0.000	10
  8:	0.000  0.001  0.000  0.002  0.001  0.000  0.002  0.001  0.004  0.000  0.001  0.001  0.000  0.001  0.001  0.895  0.001  0.088	10
  9:	0.000  0.000  0.000  0.000  0.000  0.000  0.000  0.000  0.000  0.000  0.000  0.000  0.000  0.048  0.000  0.950  0.000  0.000	10
 10:	0.000  0.000  0.000  0.000  0.000  0.000  0.000  0.000  0.000  0.000  0.000  0.000  0.000  0.042  0.000  0.956  0.000  0.000	10
 11:	0.000  0.002  0.000  0.002  0.103  0.001  0.002  0.001  0.004  0.000  0.002  0.002  0.000  0.000  0.002  0.869  0.002  0.008	10
 12:	0.000  0.001  0.001  0.000  0.096  0.000  0.000  0.007  0.000  0.001  0.001  0.000  0.000  0.000  0.001  0.891  0.001  0.000	10
 13:	0.000  0.001  0.000  0.001  0.001  0.000  0.001  0.000  0.000  0.141  0.001  0.001  0.000  0.000  0.001  0.852  0.001  0.000	10
 14:	0.139  0.000  0.000  0.000  0.000  0.000  0.000  0.000  0.000  0.000  0.000  0.000  0.000  0.000  0.000  0.857  0.000  0.000	10
 15:	0.146  0.000  0.000  0.000  0.000  0.000  0.000  0.000  0.000  0.000  0.000  0.000  0.000  0.000  0.000  0.851  0.000  0.000	10
 16:	0.000  0.001  0.003  0.001  0.000  0.000  0.001  0.000  0.082  0.000  0.001  0.001  0.000  0.002  0.001  0.906  0.001  0.001	10
 17:	0.000  0.001  0.000  0.001  0.005  0.000  0.001  0.001  0.109  0.000  0.001  0.001  0.000  0.000  0.001  0.875  0.001  0.002	10
 18:	0.004  0.001  0.000  0.001  0.000  0.000  0.001  0.000  0.000  0.000  0.001  0.001  0.163  0.000  0.001  0.826  0.001  0.000	10

  1:	0.001  0.001  0.805  0.001  0.000  0.000  0.001  0.000  0.183  0.001  0.001  0.001  0.000  0.002  0.001  0.001  0.000  0.000	10
  2:	0.002  0.002  0.906  0.000  0.000  0.000  0.002  0.000  0.000  0.003  0.002  0.002  0.000  0.078  0.002  0.002  0.000  0.000	8
  3:	0.000  0.000  0.890  0.000  0.000  0.000  0.000  0.107  0.000  0.000  0.000  0.000  0.000  0.000  0.000  0.000  0.000  0.000	10
  4:	0.001  0.001  0.907  0.000  0.000  0.000  0.001  0.000  0.000  0.086  0.001  0.001  0.000  0.000  0.001  0.001  0.000  0.000	10
  5:	0.001  0.001  0.819  0.000  0.176  0.000  0.001  0.000  0.000  0.000  0.001  0.001  0.000  0.000  0.001  0.001  0.000  0.000	10
  6:	0.000  0.000  0.896  0.000  0.000  0.000  0.000  0.100  0.000  0.000  0.000  0.000  0.000  0.000  0.001  0.001  0.000  0.000	10
  7:	0.000  0.000  0.850  0.000  0.000  0.000  0.000  0.000  0.149  0.000  0.000  0.000  0.000  0.000  0.000  0.000  0.000  0.000	10
  8:	0.002  0.001  0.880  0.001  0.000  0.000  0.002  0.000  0.002  0.001  0.001  0.002  0.003  0.102  0.002  0.002  0.000  0.000	10
  9:	0.000  0.000  0.937  0.000  0.000  0.000  0.000  0.000  0.061  0.000  0.000  0.000  0.000  0.000  0.000  0.000  0.000  0.000	10
 10:	0.000  0.000  0.943  0.000  0.000  0.000  0.000  0.000  0.055  0.000  0.000  0.000  0.000  0.000  0.000  0.000  0.000  0.000	10
 11:	0.001  0.001  0.863  0.005  0.000  0.000  0.001  0.000  0.000  0.000  0.002  0.001  0.120  0.002  0.002  0.001  0.000  0.000	10
 12:	0.003  0.001  0.887  0.097  0.000  0.000  0.001  0.000  0.000  0.000  0.001  0.001  0.001  0.000  0.002  0.002  0.004  0.000	10
 13:	0.001  0.001  0.846  0.000  0.000  0.000  0.001  0.000  0.000  0.000  0.001  0.001  0.000  0.000  0.001  0.001  0.145  0.000	10
 14:	0.000  0.000  0.840  0.000  0.000  0.159  0.000  0.000  0.000  0.000  0.000  0.000  0.000  0.000  0.000  0.000  0.000  0.000	10
 15:	0.000  0.000  0.846  0.000  0.000  0.009  0.000  0.000  0.000  0.000  0.000  0.000  0.000  0.000  0.000  0.000  0.000  0.144	10
 16:	0.001  0.001  0.878  0.000  0.000  0.000  0.001  0.000  0.000  0.113  0.001  0.001  0.000  0.001  0.001  0.001  0.000  0.000	10
 17:	0.001  0.001  0.871  0.107  0.000  0.000  0.001  0.000  0.000  0.005  0.002  0.001  0.002  0.006  0.001  0.001  0.000  0.000	10
 18:	0.001  0.001  0.810  0.000  0.183  0.000  0.001  0.000  0.000  0.000  0.001  0.001  0.000  0.000  0.001  0.001  0.000  0.001	10

  1:	0.000  0.000  0.000  0.784  0.000  0.000  0.000  0.000  0.033  0.000  0.000  0.000  0.000  0.000  0.000  0.000  0.000  0.181	10
  2:	0.003  0.002  0.003  0.901  0.002  0.002  0.000  0.000  0.002  0.002  0.000  0.000  0.000  0.003  0.000  0.000  0.080  0.000	8
  3:	0.001  0.000  0.001  0.884  0.001  0.001  0.000  0.000  0.000  0.000  0.000  0.000  0.112  0.001  0.000  0.000  0.000  0.000	10
  4:	0.001  0.081  0.001  0.911  0.001  0.001  0.000  0.000  0.000  0.000  0.001  0.000  0.000  0.001  0.000  0.000  0.000  0.001	10
  5:	0.002  0.000  0.001  0.792  0.002  0.002  0.000  0.000  0.000  0.000  0.000  0.000  0.000  0.002  0.007  0.193  0.000  0.000	10
  6:	0.001  0.000  0.001  0.891  0.001  0.001  0.000  0.000  0.000  0.000  0.000  0.000  0.105  0.001  0.000  0.000  0.000  0.000	10
  7:	0.000  0.000  0.000  0.827  0.000  0.000  0.000  0.000  0.000  0.000  0.000  0.000  0.000  0.000  0.000  0.000  0.000  0.172	10
  8:	0.002  0.001  0.003  0.873  0.003  0.003  0.002  0.000  0.000  0.004  0.000  0.000  0.001  0.003  0.000  0.000  0.104  0.002	10
  9:	0.001  0.000  0.000  0.927  0.000  0.000  0.000  0.000  0.000  0.000  0.000  0.000  0.000  0.000  0.000  0.000  0.000  0.071	10
 10:	0.000  0.000  0.000  0.936  0.000  0.000  0.000  0.000  0.000  0.000  0.000  0.000  0.000  0.000  0.000  0.000  0.000  0.063	10
 11:	0.002  0.000  0.002  0.848  0.002  0.002  0.126  0.000  0.000  0.004  0.007  0.000  0.000  0.002  0.000  0.000  0.003  0.000	10
 12:	0.000  0.000  0.000  0.825  0.000  0.000  0.000  0.000  0.011  0.000  0.161  0.000  0.000  0.000  0.000  0.000  0.000  0.000	10
 13:	0.002  0.000  0.001  0.840  0.002  0.002  0.000  0.000  0.000  0.000  0.001  0.149  0.000  0.002  0.000  0.000  0.000  0.000	10
 14:	0.001  0.000  0.001  0.871  0.001  0.001  0.000  0.125  0.000  0.000  0.000  0.000  0.000  0.001  0.000  0.000  0.000  0.000	10
 15:	0.001  0.000  0.001  0.866  0.001  0.001  0.000  0.130  0.000  0.000  0.000  0.000  0.000  0.001  0.000  0.000  0.000  0.000	10
 16:	0.001  0.106  0.001  0.885  0.001  0.001  0.000  0.000  0.000  0.001  0.000  0.000  0.000  0.001  0.000  0.000  0.001  0.000	10
 17:	0.001  0.001  0.001  0.845  0.001  0.001  0.001  0.000  0.000  0.146  0.003  0.000  0.000  0.001  0.000  0.000  0.001  0.000	10
 18:	0.002  0.000  0.002  0.780  0.001  0.001  0.000  0.001  0.000  0.000  0.000  0.000  0.000  0.002  0.184  0.028  0.000  0.000	10

