  1:	0.904  0.000  0.000  0.000  0.092  0.000  0.002	10
  2:	0.921  0.005  0.001  0.000  0.058  0.000  0.014	8
  3:	0.910  0.000  0.000  0.090  0.000  0.000  0.000	10
  4:	0.940  0.054  0.000  0.000  0.000  0.000  0.005	10
  5:	0.855  0.000  0.000  0.000  0.000  0.139  0.005	10
  6:	0.916  0.000  0.000  0.083  0.000  0.000  0.001	10
  7:	0.944  0.000  0.000  0.000  0.056  0.000  0.000	10
  8:	0.896  0.010  0.004  0.001  0.074  0.000  0.015	10
  9:	0.983  0.000  0.000  0.000  0.015  0.000  0.002	10
 10:	0.987  0.000  0.000  0.000  0.011  0.000  0.001	10
 11:	0.889  0.006  0.089  0.000  0.003  0.000  0.012	10
 12:	0.911  0.000  0.082  0.000  0.000  0.000  0.007	10
 13:	0.880  0.000  0.112  0.000  0.000  0.000  0.008	10
 14:	0.934  0.000  0.000  0.000  0.000  0.062  0.004	10
 15:	0.931  0.000  0.000  0.000  0.000  0.066  0.003	10
 16:	0.921  0.073  0.000  0.000  0.000  0.000  0.005	10
 17:	0.893  0.095  0.005  0.000  0.001  0.000  0.006	10
 18:	0.846  0.000  0.000  0.000  0.000  0.147  0.006	10

  1:	0.000  0.000  0.111  0.885  0.000  0.002  0.001	10
  2:	0.000  0.001  0.000  0.929  0.001  0.011  0.058	8
  3:	0.000  0.000  0.068  0.929  0.000  0.003  0.000	10
  4:	0.000  0.000  0.001  0.944  0.000  0.004  0.051	10
  5:	0.139  0.000  0.000  0.856  0.000  0.005  0.000	10
  6:	0.000  0.000  0.061  0.935  0.000  0.003  0.000	10
  7:	0.000  0.000  0.066  0.933  0.000  0.000  0.000	10
  8:	0.000  0.001  0.001  0.908  0.003  0.013  0.074	10
  9:	0.000  0.000  0.019  0.979  0.000  0.002  0.000	10
 10:	0.000  0.000  0.015  0.984  0.000  0.001  0.000	10
 11:	0.000  0.003  0.000  0.899  0.076  0.014  0.008	10
 12:	0.000  0.004  0.000  0.918  0.070  0.007  0.000	10
 13:	0.000  0.128  0.000  0.869  0.000  0.003  0.000	10
 14:	0.062  0.000  0.000  0.934  0.000  0.004  0.000	10
 15:	0.066  0.000  0.000  0.932  0.000  0.002  0.000	10
 16:	0.000  0.000  0.000  0.927  0.000  0.005  0.068	10
 17:	0.000  0.000  0.000  0.906  0.077  0.007  0.010	10
 18:	0.147  0.000  0.000  0.847  0.000  0.005  0.000	10

  1:	0.000  0.908  0.000  0.000  0.000  0.000  0.091	10
  2:	0.000  0.920  0.000  0.080  0.000  0.000  0.000	8
  3:	0.000  0.912  0.088  0.000  0.000  0.000  0.000	10
  4:	0.000  0.934  0.000  0.002  0.000  0.000  0.063	10
  5:	0.000  0.837  0.000  0.000  0.000  0.163  0.000	10
  6:	0.000  0.918  0.081  0.000  0.000  0.000  0.000	10
  7:	0.000  0.944  0.000  0.000  0.000  0.000  0.055	10
  8:	0.001  0.897  0.000  0.102  0.000  0.000  0.000	10
  9:	0.000  0.981  0.000  0.000  0.000  0.000  0.018	10
 10:	0.000  0.985  0.000  0.000  0.000  0.000  0.014	10
 11:	0.104  0.882  0.000  0.013  0.000  0.000  0.002	10
 12:	0.095  0.905  0.000  0.000  0.000  0.000  0.000	10
 13:	0.128  0.872  0.000  0.000  0.000  0.000  0.000	10
 14:	0.000  0.889  0.000  0.000  0.111  0.000  0.000	10
 15:	0.000  0.885  0.000  0.000  0.114  0.001  0.000	10
 16:	0.000  0.920  0.000  0.079  0.000  0.000  0.000	10
 17:	0.008  0.887  0.000  0.017  0.000  0.000  0.088	10
 18:	0.000  0.828  0.000  0.000  0.001  0.171  0.000	10

  1:	0.000  0.000  0.918  0.000  0.002  0.000  0.079	10
  2:	0.000  0.004  0.928  0.001  0.013  0.000  0.053	8
  3:	0.000  0.000  0.913  0.000  0.000  0.087  0.000	10
  4:	0.000  0.000  0.943  0.000  0.005  0.001  0.051	10
  5:	0.140  0.000  0.855  0.000  0.005  0.000  0.000	10
  6:	0.000  0.000  0.920  0.000  0.001  0.079  0.000	10
  7:	0.000  0.000  0.954  0.000  0.000  0.000  0.046	10
  8:	0.000  0.010  0.905  0.001  0.014  0.000  0.070	10
  9:	0.000  0.000  0.993  0.000  0.003  0.000  0.003	10
 10:	0.000  0.000  0.997  0.000  0.002  0.000  0.000	10
 11:	0.000  0.096  0.890  0.001  0.011  0.000  0.002	10
 12:	0.000  0.082  0.911  0.000  0.007  0.000  0.000	10
 13:	0.000  0.001  0.888  0.104  0.007  0.000  0.000	10
 14:	0.062  0.000  0.934  0.000  0.004  0.000  0.000	10
 15:	0.066  0.000  0.931  0.000  0.003  0.000  0.000	10
 16:	0.000  0.000  0.929  0.059  0.006  0.000  0.005	10
 17:	0.000  0.096  0.897  0.000  0.005  0.000  0.002	10
 18:	0.148  0.000  0.846  0.000  0.006  0.000  0.000	10

  1:	0.911  0.002  0.000  0.086  0.000  0.000  0.001	10
  2:	0.935  0.005  0.000  0.000  0.000  0.053  0.006	8
  3:	0.942  0.002  0.000  0.054  0.000  0.000  0.002	10
  4:	0.941  0.003  0.001  0.050  0.000  0.002  0.004	10
  5:	0.782  0.002  0.000  0.000  0.214  0.000  0.002	10
  6:	0.947  0.002  0.000  0.049  0.000  0.000  0.002	10
  7:	0.950  0.000  0.000  0.050  0.000  0.000  0.000	10
  8:	0.915  0.006  0.001  0.001  0.000  0.069  0.006	10
  9:	0.987  0.001  0.000  0.011  0.000  0.000  0.001	10
 10:	0.991  0.001  0.000  0.008  0.000  0.000  0.001	10
 11:	0.901  0.005  0.075  0.000  0.000  0.012  0.006	10
 12:	0.920  0.003  0.072  0.001  0.000  0.000  0.003	10
 13:	0.891  0.004  0.101  0.000  0.000  0.000  0.004	10
 14:	0.895  0.002  0.000  0.000  0.101  0.000  0.002	10
 15:	0.891  0.001  0.000  0.000  0.107  0.000  0.001	10
 16:	0.934  0.002  0.000  0.001  0.000  0.060  0.003	10
 17:	0.909  0.002  0.003  0.000  0.000  0.083  0.003	10
 18:	0.773  0.003  0.000  0.000  0.221  0.000  0.003	10

  1:	0.013  0.007  0.000  0.001  0.961  0.000  0.017	10
  2:	0.852  0.044  0.000  0.000  0.077  0.002  0.024	8
  3:	0.005  0.002  0.000  0.000  0.978  0.000  0.016	10
  4:	0.823  0.004  0.000  0.000  0.164  0.000  0.008	10
  5:	0.000  0.000  0.972  0.014  0.006  0.000  0.007	10
  6:	0.004  0.006  0.000  0.000  0.979  0.000  0.010	10
  7:	0.001  0.000  0.000  0.000  0.996  0.000  0.002	10
  8:	0.730  0.068  0.000  0.000  0.149  0.006  0.047	10
  9:	0.001  0.000  0.000  0.000  0.996  0.000  0.003	10
 10:	0.001  0.000  0.000  0.000  0.997  0.000  0.001	10
 11:	0.161  0.738  0.000  0.000  0.023  0.047  0.030	10
 12:	0.002  0.972  0.000  0.000  0.003  0.011  0.012	10
 13:	0.011  0.079  0.000  0.000  0.342  0.557  0.012	10
 14:	0.000  0.000  0.001  0.992  0.001  0.000  0.006	10
 15:	0.000  0.000  0.002  0.992  0.000  0.000  0.005	10
 16:	0.974  0.001  0.000  0.000  0.014  0.000  0.011	10
 17:	0.252  0.720  0.000  0.000  0.011  0.002  0.014	10
 18:	0.000  0.000  0.833  0.155  0.001  0.000  0.011	10

  1:	0.013  0.000  0.014  0.001  0.965  0.001  0.007	10
  2:	0.856  0.000  0.024  0.000  0.093  0.006  0.021	8
  3:	0.001  0.000  0.007  0.000  0.002  0.989  0.001	10
  4:	0.740  0.000  0.010  0.000  0.241  0.008  0.002	10
  5:	0.000  0.976  0.008  0.013  0.002  0.000  0.000	10
  6:	0.004  0.000  0.006  0.000  0.003  0.987  0.001	10
  7:	0.001  0.000  0.002  0.000  0.997  0.000  0.000	10
  8:	0.760  0.000  0.044  0.000  0.136  0.018  0.042	10
  9:	0.000  0.000  0.003  0.000  0.996  0.000  0.000	10
 10:	0.001  0.000  0.001  0.000  0.998  0.000  0.000	10
 11:	0.219  0.000  0.029  0.000  0.018  0.060  0.673	10
 12:	0.005  0.000  0.012  0.000  0.002  0.000  0.980	10
 13:	0.002  0.000  0.020  0.000  0.004  0.001  0.973	10
 14:	0.000  0.000  0.006  0.992  0.001  0.000  0.000	10
 15:	0.000  0.002  0.005  0.992  0.000  0.000  0.000	10
 16:	0.952  0.000  0.011  0.000  0.035  0.001  0.001	10
 17:	0.838  0.000  0.021  0.000  0.005  0.001  0.135	10
 18:	0.000  0.837  0.012  0.149  0.001  0.000  0.000	10

  1:	0.003  0.000  0.000  0.083  0.000  0.914  0.000	10
  2:	0.011  0.000  0.055  0.000  0.000  0.933  0.001	8
  3:	0.003  0.000  0.000  0.055  0.000  0.941  0.000	10
  4:	0.006  0.000  0.002  0.050  0.000  0.941  0.001	10
  5:	0.005  0.136  0.000  0.000  0.000  0.859  0.000	10
  6:	0.003  0.000  0.000  0.050  0.000  0.946  0.000	10
  7:	0.000  0.000  0.000  0.048  0.000  0.951  0.000	10
  8:	0.014  0.000  0.065  0.001  0.000  0.913  0.007	10
  9:	0.003  0.000  0.000  0.003  0.000  0.994  0.000	10
 10:	0.002  0.000  0.000  0.000  0.000  0.998  0.000	10
 11:	0.009  0.000  0.007  0.000  0.001  0.903  0.080	10
 12:	0.006  0.000  0.066  0.000  0.007  0.919  0.001	10
 13:	0.002  0.000  0.000  0.000  0.126  0.872  0.000	10
 14:	0.004  0.060  0.000  0.000  0.000  0.936  0.000	10
 15:	0.002  0.064  0.000  0.000  0.000  0.933  0.000	10
 16:	0.006  0.000  0.062  0.001  0.000  0.931  0.000	10
 17:	0.005  0.000  0.003  0.000  0.000  0.911  0.081	10
 18:	0.006  0.144  0.000  0.000  0.000  0.851  0.000	10

  1:	0.106  0.866  0.000  0.000  0.000  0.000  0.027	10
  2:	0.001  0.928  0.000  0.004  0.001  0.050  0.016	8
  3:	0.972  0.023  0.000  0.000  0.000  0.000  0.004	10
  4:	0.006  0.943  0.000  0.000  0.000  0.044  0.007	10
  5:	0.000  0.026  0.965  0.000  0.000  0.000  0.009	10
  6:	0.958  0.038  0.000  0.000  0.000  0.000  0.004	10
  7:	0.007  0.985  0.000  0.000  0.000  0.000  0.008	10
  8:	0.005  0.903  0.000  0.009  0.001  0.063  0.019	10
  9:	0.001  0.996  0.000  0.000  0.000  0.000  0.003	10
 10:	0.001  0.997  0.000  0.000  0.000  0.000  0.001	10
 11:	0.003  0.871  0.000  0.108  0.001  0.003  0.013	10
 12:	0.000  0.896  0.000  0.094  0.002  0.000  0.008	10
 13:	0.000  0.845  0.000  0.000  0.148  0.000  0.006	10
 14:	0.000  0.520  0.474  0.000  0.000  0.000  0.005	10
 15:	0.000  0.497  0.500  0.000  0.000  0.000  0.003	10
 16:	0.001  0.929  0.000  0.000  0.000  0.063  0.007	10
 17:	0.000  0.882  0.000  0.109  0.000  0.002  0.006	10
 18:	0.000  0.004  0.985  0.000  0.000  0.000  0.011	10

  1:	0.000  0.000  0.000  0.107  0.890  0.000  0.002	10
  2:	0.000  0.000  0.002  0.009  0.937  0.041  0.011	8
  3:	0.000  0.000  0.050  0.000  0.947  0.000  0.003	10
  4:	0.000  0.000  0.001  0.071  0.922  0.001  0.005	10
  5:	0.000  0.137  0.000  0.000  0.859  0.000  0.004	10
  6:	0.000  0.000  0.045  0.000  0.952  0.000  0.003	10
  7:	0.000  0.000  0.000  0.071  0.929  0.000  0.000	10
  8:	0.001  0.000  0.004  0.012  0.917  0.057  0.009	10
  9:	0.000  0.000  0.000  0.022  0.976  0.000  0.002	10
 10:	0.000  0.000  0.000  0.018  0.980  0.000  0.001	10
 11:	0.023  0.000  0.002  0.001  0.905  0.060  0.009	10
 12:	0.080  0.000  0.000  0.000  0.912  0.001  0.006	10
 13:	0.111  0.000  0.000  0.000  0.880  0.001  0.007	10
 14:	0.000  0.061  0.000  0.000  0.935  0.000  0.004	10
 15:	0.000  0.065  0.000  0.000  0.933  0.000  0.002	10
 16:	0.000  0.000  0.062  0.005  0.927  0.001  0.006	10
 17:	0.003  0.000  0.080  0.001  0.902  0.007  0.007	10
 18:	0.000  0.145  0.000  0.000  0.850  0.000  0.005	10

  1:	0.001  0.106  0.001  0.889  0.003  0.000  0.000	10
  2:	0.000  0.000  0.061  0.925  0.014  0.000  0.000	8
  3:	0.000  0.072  0.000  0.925  0.003  0.000  0.000	10
  4:	0.000  0.001  0.051  0.943  0.005  0.000  0.000	10
  5:	0.004  0.000  0.000  0.836  0.005  0.000  0.155	10
  6:	0.000  0.065  0.000  0.931  0.003  0.000  0.000	10
  7:	0.000  0.060  0.000  0.939  0.000  0.000  0.000	10
  8:	0.000  0.001  0.080  0.903  0.015  0.001  0.000	10
  9:	0.000  0.002  0.000  0.994  0.003  0.000  0.000	10
 10:	0.000  0.000  0.000  0.997  0.002  0.000  0.000	10
 11:	0.000  0.000  0.015  0.887  0.013  0.084  0.000	10
 12:	0.000  0.000  0.000  0.910  0.008  0.081  0.000	10
 13:	0.000  0.000  0.000  0.877  0.009  0.114  0.000	10
 14:	0.914  0.000  0.000  0.082  0.003  0.000  0.000	10
 15:	0.966  0.000  0.000  0.030  0.003  0.000  0.000	10
 16:	0.000  0.000  0.071  0.924  0.005  0.000  0.000	10
 17:	0.000  0.000  0.096  0.895  0.005  0.003  0.000	10
 18:	0.097  0.000  0.000  0.744  0.006  0.000  0.153	10

  1:	0.000  0.909  0.000  0.000  0.088  0.000  0.002	10
  2:	0.000  0.923  0.001  0.000  0.057  0.006  0.013	8
  3:	0.000  0.931  0.000  0.068  0.000  0.000  0.001	10
  4:	0.000  0.934  0.000  0.061  0.001  0.001  0.003	10
  5:	0.138  0.857  0.000  0.000  0.000  0.000  0.005	10
  6:	0.000  0.937  0.000  0.062  0.000  0.000  0.001	10
  7:	0.000  0.947  0.000  0.000  0.052  0.000  0.000	10
  8:	0.000  0.899  0.003  0.000  0.073  0.011  0.014	10
  9:	0.000  0.985  0.000  0.000  0.012  0.000  0.002	10
 10:	0.000  0.992  0.000  0.000  0.006  0.000  0.002	10
 11:	0.000  0.893  0.085  0.000  0.003  0.007  0.012	10
 12:	0.000  0.914  0.078  0.000  0.000  0.000  0.007	10
 13:	0.000  0.884  0.109  0.000  0.000  0.000  0.008	10
 14:	0.061  0.934  0.000  0.000  0.000  0.000  0.004	10
 15:	0.066  0.932  0.000  0.000  0.000  0.000  0.003	10
 16:	0.000  0.923  0.000  0.001  0.001  0.070  0.005	10
 17:	0.000  0.895  0.003  0.000  0.000  0.096  0.005	10
 18:	0.146  0.848  0.000  0.000  0.000  0.000  0.006	10

