  1:	0.002  0.905  0.000  0.006  0.000  0.000  0.001  0.000  0.086	10
  2:	0.007  0.922  0.004  0.014  0.000  0.000  0.052  0.001  0.001	8
  3:	0.002  0.932  0.000  0.004  0.000  0.000  0.000  0.000  0.061	10
  4:	0.001  0.946  0.000  0.006  0.000  0.000  0.046  0.000  0.001	10
  5:	0.835  0.002  0.000  0.005  0.000  0.157  0.000  0.000  0.000	10
  6:	0.002  0.939  0.000  0.004  0.000  0.000  0.000  0.000  0.055	10
  7:	0.000  0.952  0.000  0.001  0.000  0.000  0.000  0.000  0.046	10
  8:	0.008  0.898  0.017  0.016  0.000  0.000  0.060  0.000  0.002	10
  9:	0.000  0.996  0.000  0.002  0.000  0.000  0.000  0.000  0.001	10
 10:	0.001  0.998  0.000  0.001  0.000  0.000  0.000  0.000  0.000	10
 11:	0.004  0.880  0.098  0.011  0.000  0.000  0.001  0.006  0.001	10
 12:	0.001  0.902  0.001  0.007  0.000  0.000  0.000  0.088  0.001	10
 13:	0.003  0.861  0.000  0.008  0.000  0.000  0.000  0.128  0.000	10
 14:	0.890  0.001  0.000  0.003  0.106  0.000  0.000  0.000  0.000	10
 15:	0.885  0.001  0.000  0.003  0.111  0.000  0.000  0.000  0.000	10
 16:	0.001  0.926  0.001  0.006  0.000  0.000  0.065  0.000  0.000	10
 17:	0.003  0.890  0.101  0.004  0.000  0.000  0.001  0.000  0.000	10
 18:	0.829  0.001  0.000  0.006  0.001  0.162  0.000  0.000  0.001	10

  1:	0.000  0.000  0.896  0.001  0.098  0.002  0.001  0.002  0.001	10
  2:	0.000  0.000  0.930  0.001  0.000  0.006  0.056  0.005  0.001	8
  3:	0.000  0.000  0.934  0.000  0.062  0.002  0.000  0.002  0.000	10
  4:	0.000  0.000  0.937  0.057  0.001  0.003  0.000  0.003  0.000	10
  5:	0.000  0.144  0.851  0.000  0.000  0.002  0.000  0.002  0.000	10
  6:	0.000  0.000  0.939  0.000  0.056  0.002  0.000  0.002  0.000	10
  7:	0.000  0.000  0.939  0.000  0.060  0.000  0.000  0.000  0.000	10
  8:	0.000  0.000  0.908  0.001  0.001  0.005  0.078  0.004  0.003	10
  9:	0.000  0.000  0.981  0.000  0.017  0.001  0.000  0.001  0.000	10
 10:	0.000  0.000  0.985  0.000  0.014  0.001  0.000  0.001  0.000	10
 11:	0.000  0.000  0.895  0.002  0.000  0.005  0.088  0.005  0.004	10
 12:	0.005  0.000  0.906  0.078  0.000  0.007  0.000  0.003  0.001	10
 13:	0.135  0.000  0.861  0.000  0.000  0.002  0.000  0.001  0.000	10
 14:	0.000  0.064  0.932  0.000  0.000  0.002  0.000  0.002  0.000	10
 15:	0.000  0.068  0.929  0.000  0.000  0.001  0.000  0.001  0.000	10
 16:	0.000  0.000  0.918  0.073  0.000  0.003  0.001  0.003  0.001	10
 17:	0.000  0.000  0.883  0.001  0.000  0.001  0.000  0.001  0.114	10
 18:	0.000  0.153  0.842  0.000  0.000  0.003  0.000  0.002  0.000	10

  1:	0.092  0.000  0.002  0.000  0.001  0.001  0.000  0.903  0.000	10
  2:	0.066  0.000  0.016  0.001  0.008  0.054  0.000  0.853  0.000	8
  3:	0.000  0.000  0.003  0.298  0.000  0.000  0.000  0.698  0.000	10
  4:	0.000  0.000  0.005  0.001  0.002  0.166  0.000  0.826  0.000	10
  5:	0.000  0.007  0.005  0.000  0.000  0.000  0.284  0.703  0.000	10
  6:	0.000  0.000  0.003  0.289  0.000  0.001  0.000  0.706  0.000	10
  7:	0.046  0.000  0.001  0.000  0.000  0.000  0.000  0.953  0.000	10
  8:	0.090  0.000  0.016  0.004  0.018  0.042  0.000  0.829  0.001	10
  9:	0.004  0.000  0.003  0.000  0.000  0.000  0.000  0.992  0.000	10
 10:	0.002  0.000  0.002  0.000  0.000  0.000  0.000  0.996  0.000	10
 11:	0.004  0.000  0.017  0.004  0.237  0.011  0.000  0.719  0.007	10
 12:	0.000  0.000  0.009  0.000  0.264  0.000  0.000  0.722  0.004	10
 13:	0.000  0.000  0.007  0.000  0.011  0.001  0.000  0.784  0.196	10
 14:	0.000  0.790  0.004  0.000  0.000  0.000  0.000  0.206  0.000	10
 15:	0.000  0.831  0.004  0.000  0.000  0.000  0.001  0.165  0.000	10
 16:	0.000  0.000  0.006  0.001  0.001  0.201  0.000  0.791  0.000	10
 17:	0.003  0.000  0.008  0.000  0.242  0.024  0.000  0.723  0.000	10
 18:	0.000  0.107  0.007  0.000  0.000  0.000  0.264  0.622  0.000	10

  1:	0.019  0.001  0.000  0.001  0.150  0.000  0.001  0.829  0.000	10
  2:	0.001  0.010  0.000  0.005  0.000  0.000  0.067  0.916  0.000	8
  3:	0.000  0.001  0.000  0.000  0.000  0.108  0.000  0.891  0.000	10
  4:	0.070  0.001  0.000  0.000  0.015  0.000  0.000  0.913  0.000	10
  5:	0.000  0.005  0.000  0.000  0.000  0.000  0.000  0.838  0.156	10
  6:	0.000  0.002  0.000  0.000  0.000  0.100  0.000  0.897  0.000	10
  7:	0.000  0.001  0.000  0.000  0.131  0.000  0.000  0.868  0.000	10
  8:	0.001  0.010  0.001  0.007  0.001  0.000  0.087  0.892  0.000	10
  9:	0.000  0.002  0.000  0.000  0.053  0.000  0.000  0.945  0.000	10
 10:	0.000  0.001  0.000  0.000  0.047  0.000  0.000  0.952  0.000	10
 11:	0.001  0.013  0.096  0.007  0.000  0.000  0.009  0.873  0.000	10
 12:	0.002  0.007  0.095  0.000  0.000  0.000  0.000  0.896  0.000	10
 13:	0.001  0.008  0.129  0.000  0.000  0.000  0.000  0.861  0.000	10
 14:	0.000  0.004  0.000  0.000  0.000  0.000  0.000  0.925  0.070	10
 15:	0.000  0.002  0.000  0.000  0.000  0.000  0.000  0.923  0.075	10
 16:	0.003  0.006  0.000  0.082  0.001  0.000  0.001  0.906  0.000	10
 17:	0.001  0.008  0.005  0.108  0.000  0.000  0.002  0.876  0.000	10
 18:	0.000  0.006  0.000  0.000  0.000  0.000  0.000  0.828  0.165	10

  1:	0.000  0.002  0.913  0.000  0.060  0.001  0.000  0.001  0.023	10
  2:	0.000  0.036  0.856  0.000  0.001  0.084  0.000  0.000  0.022	8
  3:	0.000  0.001  0.005  0.000  0.987  0.000  0.000  0.000  0.006	10
  4:	0.000  0.018  0.894  0.000  0.049  0.002  0.000  0.000  0.038	10
  5:	0.001  0.000  0.030  0.000  0.000  0.000  0.958  0.003  0.008	10
  6:	0.000  0.001  0.017  0.000  0.976  0.000  0.000  0.000  0.006	10
  7:	0.000  0.000  0.995  0.000  0.001  0.000  0.000  0.000  0.004	10
  8:	0.000  0.067  0.793  0.001  0.006  0.109  0.000  0.000  0.024	10
  9:	0.000  0.000  0.996  0.000  0.000  0.000  0.000  0.000  0.003	10
 10:	0.000  0.000  0.997  0.000  0.001  0.000  0.000  0.000  0.001	10
 11:	0.000  0.794  0.147  0.004  0.009  0.010  0.000  0.000  0.036	10
 12:	0.000  0.967  0.015  0.002  0.000  0.000  0.000  0.000  0.015	10
 13:	0.000  0.039  0.761  0.187  0.000  0.000  0.000  0.000  0.012	10
 14:	0.002  0.000  0.002  0.000  0.000  0.000  0.000  0.990  0.005	10
 15:	0.815  0.000  0.001  0.000  0.000  0.000  0.001  0.180  0.003	10
 16:	0.000  0.001  0.885  0.000  0.002  0.103  0.000  0.000  0.009	10
 17:	0.000  0.830  0.128  0.000  0.001  0.027  0.000  0.000  0.013	10
 18:	0.154  0.000  0.003  0.000  0.000  0.000  0.829  0.003  0.011	10

  1:	0.002  0.000  0.000  0.001  0.834  0.001  0.157  0.005  0.000	10
  2:	0.061  0.000  0.000  0.003  0.916  0.001  0.007  0.012  0.000	8
  3:	0.000  0.104  0.000  0.000  0.893  0.000  0.000  0.002  0.000	10
  4:	0.000  0.000  0.000  0.063  0.929  0.000  0.001  0.005  0.000	10
  5:	0.000  0.000  0.000  0.000  0.837  0.000  0.000  0.005  0.158	10
  6:	0.000  0.098  0.000  0.000  0.899  0.000  0.000  0.002  0.000	10
  7:	0.000  0.000  0.000  0.000  0.873  0.000  0.126  0.000  0.000	10
  8:	0.080  0.001  0.000  0.005  0.892  0.001  0.010  0.011  0.000	10
  9:	0.000  0.000  0.000  0.000  0.948  0.000  0.050  0.002  0.000	10
 10:	0.000  0.000  0.000  0.000  0.954  0.000  0.044  0.001  0.000	10
 11:	0.008  0.001  0.001  0.004  0.866  0.107  0.001  0.013  0.000	10
 12:	0.001  0.000  0.002  0.000  0.888  0.101  0.000  0.008  0.000	10
 13:	0.000  0.000  0.147  0.000  0.847  0.001  0.000  0.005  0.000	10
 14:	0.000  0.000  0.000  0.000  0.925  0.000  0.000  0.004  0.070	10
 15:	0.000  0.000  0.000  0.000  0.922  0.000  0.000  0.002  0.075	10
 16:	0.001  0.000  0.000  0.084  0.908  0.000  0.000  0.006  0.000	10
 17:	0.002  0.000  0.000  0.104  0.878  0.008  0.000  0.007  0.000	10
 18:	0.000  0.000  0.000  0.000  0.827  0.000  0.000  0.006  0.166	10

  1:	0.000  0.000  0.004  0.000  0.000  0.813  0.179  0.002  0.001	10
  2:	0.000  0.000  0.014  0.001  0.000  0.915  0.000  0.070  0.001	8
  3:	0.104  0.000  0.002  0.000  0.000  0.894  0.000  0.000  0.000	10
  4:	0.001  0.000  0.005  0.000  0.000  0.931  0.001  0.063  0.000	10
  5:	0.000  0.159  0.005  0.000  0.000  0.836  0.000  0.000  0.000	10
  6:	0.097  0.000  0.002  0.000  0.000  0.901  0.000  0.000  0.000	10
  7:	0.000  0.000  0.000  0.000  0.000  0.860  0.139  0.000  0.000	10
  8:	0.000  0.000  0.015  0.000  0.000  0.890  0.002  0.082  0.010	10
  9:	0.000  0.000  0.002  0.000  0.000  0.943  0.055  0.000  0.000	10
 10:	0.000  0.000  0.001  0.000  0.000  0.950  0.049  0.000  0.000	10
 11:	0.001  0.000  0.013  0.010  0.000  0.887  0.000  0.006  0.084	10
 12:	0.000  0.000  0.010  0.087  0.000  0.902  0.000  0.000  0.001	10
 13:	0.000  0.000  0.011  0.122  0.000  0.866  0.000  0.000  0.000	10
 14:	0.000  0.000  0.004  0.000  0.113  0.883  0.000  0.000  0.000	10
 15:	0.000  0.001  0.003  0.000  0.118  0.878  0.000  0.000  0.000	10
 16:	0.000  0.000  0.005  0.000  0.000  0.911  0.000  0.083  0.000	10
 17:	0.000  0.000  0.007  0.001  0.000  0.896  0.000  0.006  0.090	10
 18:	0.000  0.165  0.006  0.000  0.001  0.827  0.000  0.000  0.000	10

  1:	0.000  0.009  0.009  0.078  0.893  0.000  0.010  0.000  0.000	10
  2:	0.000  0.004  0.004  0.000  0.929  0.056  0.004  0.002  0.000	8
  3:	0.000  0.001  0.001  0.978  0.017  0.000  0.002  0.000  0.000	10
  4:	0.000  0.002  0.002  0.001  0.945  0.000  0.002  0.047  0.000	10
  5:	0.970  0.002  0.003  0.000  0.022  0.000  0.003  0.000  0.000	10
  6:	0.000  0.001  0.001  0.961  0.034  0.000  0.001  0.000  0.000	10
  7:	0.000  0.002  0.002  0.006  0.987  0.000  0.002  0.000  0.000	10
  8:	0.000  0.003  0.004  0.002  0.906  0.080  0.003  0.003  0.000	10
  9:	0.000  0.001  0.001  0.001  0.997  0.000  0.001  0.000  0.000	10
 10:	0.000  0.000  0.000  0.001  0.997  0.000  0.001  0.000  0.000	10
 11:	0.000  0.004  0.003  0.003  0.886  0.094  0.004  0.002  0.005	10
 12:	0.000  0.003  0.004  0.000  0.910  0.000  0.002  0.000  0.080	10
 13:	0.000  0.002  0.004  0.000  0.874  0.000  0.004  0.000  0.115	10
 14:	0.480  0.001  0.002  0.000  0.515  0.000  0.002  0.000  0.000	10
 15:	0.504  0.001  0.001  0.000  0.492  0.000  0.001  0.000  0.000	10
 16:	0.000  0.003  0.002  0.003  0.924  0.001  0.002  0.066  0.000	10
 17:	0.000  0.002  0.003  0.000  0.893  0.007  0.003  0.090  0.002	10
 18:	0.986  0.003  0.004  0.000  0.003  0.000  0.004  0.000  0.000	10

  1:	0.404  0.000  0.003  0.007  0.004  0.000  0.001  0.000  0.581	10
  2:	0.011  0.000  0.006  0.013  0.061  0.000  0.000  0.000  0.909	8
  3:	0.001  0.000  0.001  0.002  0.000  0.000  0.355  0.000  0.641	10
  4:	0.013  0.000  0.066  0.005  0.000  0.000  0.013  0.000  0.902	10
  5:	0.001  0.000  0.001  0.004  0.000  0.004  0.000  0.382  0.608	10
  6:	0.001  0.000  0.001  0.003  0.000  0.000  0.347  0.000  0.648	10
  7:	0.388  0.000  0.000  0.001  0.000  0.000  0.000  0.000  0.610	10
  8:	0.023  0.000  0.003  0.012  0.090  0.000  0.001  0.000  0.870	10
  9:	0.322  0.000  0.000  0.002  0.000  0.000  0.000  0.000  0.676	10
 10:	0.320  0.000  0.000  0.001  0.000  0.000  0.000  0.000  0.679	10
 11:	0.001  0.016  0.002  0.012  0.095  0.000  0.001  0.000  0.873	10
 12:	0.000  0.097  0.001  0.010  0.000  0.000  0.000  0.000  0.892	10
 13:	0.001  0.138  0.001  0.009  0.000  0.000  0.000  0.000  0.850	10
 14:	0.000  0.000  0.001  0.004  0.000  0.380  0.000  0.000  0.615	10
 15:	0.000  0.000  0.001  0.003  0.000  0.385  0.000  0.001  0.610	10
 16:	0.002  0.000  0.084  0.009  0.001  0.000  0.001  0.000  0.903	10
 17:	0.001  0.001  0.002  0.004  0.108  0.000  0.000  0.000  0.884	10
 18:	0.000  0.000  0.002  0.006  0.000  0.052  0.000  0.353  0.588	10

  1:	0.001  0.001  0.821  0.000  0.000  0.001  0.171  0.000  0.005	10
  2:	0.066  0.003  0.917  0.000  0.000  0.000  0.003  0.000  0.011	8
  3:	0.000  0.000  0.896  0.000  0.000  0.000  0.000  0.102  0.002	10
  4:	0.000  0.062  0.930  0.000  0.000  0.000  0.002  0.000  0.005	10
  5:	0.000  0.000  0.838  0.157  0.000  0.000  0.000  0.000  0.005	10
  6:	0.000  0.000  0.902  0.000  0.000  0.000  0.000  0.096  0.002	10
  7:	0.000  0.000  0.864  0.000  0.000  0.000  0.135  0.000  0.000	10
  8:	0.087  0.004  0.893  0.000  0.000  0.001  0.004  0.000  0.010	10
  9:	0.000  0.000  0.944  0.000  0.000  0.000  0.054  0.000  0.002	10
 10:	0.000  0.000  0.950  0.000  0.000  0.000  0.048  0.000  0.001	10
 11:	0.008  0.004  0.872  0.000  0.001  0.101  0.000  0.001  0.013	10
 12:	0.000  0.000  0.894  0.000  0.002  0.095  0.000  0.000  0.008	10
 13:	0.000  0.000  0.850  0.000  0.143  0.001  0.000  0.000  0.006	10
 14:	0.000  0.000  0.925  0.070  0.000  0.000  0.000  0.000  0.005	10
 15:	0.000  0.000  0.922  0.075  0.000  0.000  0.000  0.000  0.002	10
 16:	0.001  0.084  0.909  0.000  0.000  0.000  0.000  0.000  0.006	10
 17:	0.002  0.104  0.879  0.000  0.000  0.008  0.000  0.000  0.007	10
 18:	0.000  0.000  0.828  0.166  0.000  0.000  0.000  0.000  0.006	10

  1:	0.000  0.000  0.000  0.002  0.899  0.000  0.000  0.098  0.000	10
  2:	0.000  0.000  0.001  0.011  0.915  0.000  0.066  0.006  0.000	8
  3:	0.000  0.000  0.000  0.002  0.870  0.000  0.000  0.000  0.128	10
  4:	0.000  0.000  0.001  0.005  0.920  0.000  0.000  0.072  0.001	10
  5:	0.159  0.000  0.000  0.006  0.830  0.005  0.000  0.000  0.000	10
  6:	0.000  0.000  0.000  0.002  0.878  0.000  0.000  0.000  0.119	10
  7:	0.000  0.000  0.000  0.000  0.937  0.000  0.000  0.062  0.000	10
  8:	0.000  0.000  0.003  0.011  0.890  0.000  0.087  0.008  0.001	10
  9:	0.000  0.000  0.000  0.003  0.993  0.000  0.000  0.003  0.000	10
 10:	0.000  0.000  0.000  0.002  0.997  0.000  0.000  0.000  0.000	10
 11:	0.000  0.001  0.105  0.014  0.870  0.000  0.008  0.001  0.001	10
 12:	0.000  0.002  0.096  0.008  0.893  0.000  0.000  0.000  0.000	10
 13:	0.000  0.143  0.000  0.006  0.850  0.000  0.000  0.000  0.000	10
 14:	0.000  0.000  0.000  0.004  0.113  0.883  0.000  0.000  0.000	10
 15:	0.000  0.000  0.000  0.003  0.054  0.942  0.000  0.000  0.000	10
 16:	0.000  0.000  0.000  0.006  0.898  0.000  0.002  0.094  0.000	10
 17:	0.000  0.000  0.108  0.006  0.879  0.000  0.004  0.003  0.000	10
 18:	0.156  0.000  0.000  0.007  0.732  0.105  0.000  0.000  0.000	10

  1:	0.158  0.001  0.001  0.000  0.000  0.000  0.001  0.014  0.825	10
  2:	0.000  0.067  0.007  0.000  0.000  0.000  0.006  0.000  0.919	8
  3:	0.000  0.000  0.002  0.000  0.057  0.000  0.002  0.000  0.939	10
  4:	0.000  0.000  0.000  0.000  0.000  0.000  0.000  0.081  0.919	10
  5:	0.000  0.000  0.002  0.148  0.000  0.000  0.003  0.000  0.847	10
  6:	0.000  0.000  0.002  0.000  0.051  0.000  0.002  0.000  0.944	10
  7:	0.135  0.000  0.000  0.000  0.000  0.000  0.000  0.000  0.864	10
  8:	0.002  0.087  0.006  0.000  0.001  0.001  0.008  0.000  0.895	10
  9:	0.054  0.000  0.001  0.000  0.000  0.000  0.001  0.000  0.944	10
 10:	0.049  0.000  0.000  0.000  0.000  0.000  0.000  0.000  0.950	10
 11:	0.000  0.012  0.006  0.000  0.001  0.106  0.006  0.000  0.869	10
 12:	0.000  0.000  0.004  0.000  0.000  0.100  0.004  0.000  0.891	10
 13:	0.000  0.000  0.005  0.000  0.111  0.007  0.005  0.000  0.872	10
 14:	0.000  0.000  0.002  0.066  0.000  0.000  0.003  0.000  0.929	10
 15:	0.000  0.000  0.001  0.071  0.000  0.000  0.001  0.000  0.927	10
 16:	0.001  0.077  0.003  0.000  0.000  0.000  0.002  0.001  0.916	10
 17:	0.000  0.101  0.002  0.000  0.000  0.006  0.002  0.000  0.888	10
 18:	0.000  0.000  0.003  0.156  0.000  0.000  0.004  0.000  0.837	10

