  1:	0.000  0.092  0.001  0.000  0.000  0.000  0.905  0.000  0.000  0.001  0.001  0.000	10
  2:	0.062  0.000  0.003  0.000  0.000  0.003  0.919  0.007  0.000  0.003  0.002  0.000	8
  3:	0.000  0.000  0.000  0.000  0.000  0.000  0.902  0.000  0.000  0.000  0.000  0.096	10
  4:	0.000  0.063  0.002  0.000  0.000  0.001  0.931  0.001  0.000  0.001  0.001  0.000	10
  5:	0.000  0.000  0.002  0.153  0.005  0.001  0.835  0.000  0.000  0.002  0.002  0.000	10
  6:	0.000  0.000  0.000  0.000  0.000  0.000  0.910  0.000  0.000  0.000  0.000  0.088	10
  7:	0.000  0.053  0.000  0.000  0.000  0.000  0.946  0.000  0.000  0.000  0.000  0.000	10
  8:	0.082  0.001  0.003  0.000  0.000  0.003  0.895  0.010  0.000  0.002  0.002  0.000	10
  9:	0.000  0.002  0.001  0.000  0.000  0.001  0.995  0.000  0.000  0.001  0.001  0.000	10
 10:	0.000  0.000  0.000  0.000  0.000  0.000  0.997  0.000  0.000  0.001  0.000  0.000	10
 11:	0.007  0.081  0.004  0.000  0.000  0.003  0.872  0.006  0.019  0.004  0.003  0.000	10
 12:	0.001  0.000  0.002  0.000  0.000  0.002  0.906  0.001  0.083  0.003  0.002  0.000	10
 13:	0.001  0.000  0.003  0.000  0.000  0.002  0.872  0.000  0.117  0.003  0.003  0.000	10
 14:	0.000  0.000  0.001  0.000  0.929  0.001  0.067  0.000  0.000  0.001  0.001  0.000	10
 15:	0.000  0.000  0.001  0.000  0.972  0.001  0.024  0.000  0.000  0.001  0.001  0.000	10
 16:	0.000  0.001  0.001  0.000  0.000  0.002  0.911  0.080  0.000  0.002  0.002  0.000	10
 17:	0.001  0.001  0.002  0.000  0.000  0.002  0.878  0.111  0.002  0.002  0.002  0.000	10
 18:	0.000  0.000  0.002  0.150  0.117  0.002  0.726  0.000  0.000  0.002  0.002  0.000	10

  1:	0.001  0.805  0.000  0.001  0.000  0.000  0.022  0.000  0.001  0.000  0.000  0.170	10
  2:	0.081  0.904  0.000  0.007  0.000  0.000  0.000  0.000  0.007  0.000  0.000  0.000	8
  3:	0.000  0.890  0.107  0.001  0.000  0.000  0.000  0.000  0.001  0.000  0.000  0.000	10
  4:	0.000  0.907  0.000  0.000  0.000  0.000  0.089  0.000  0.000  0.000  0.000  0.003	10
  5:	0.000  0.826  0.000  0.002  0.000  0.169  0.000  0.000  0.003  0.000  0.000  0.000	10
  6:	0.000  0.896  0.100  0.002  0.000  0.000  0.000  0.000  0.001  0.000  0.000  0.000	10
  7:	0.000  0.849  0.000  0.000  0.000  0.000  0.000  0.000  0.000  0.000  0.000  0.150	10
  8:	0.101  0.877  0.000  0.007  0.000  0.000  0.000  0.000  0.006  0.004  0.001  0.002	10
  9:	0.000  0.936  0.000  0.001  0.000  0.000  0.000  0.000  0.001  0.000  0.000  0.061	10
 10:	0.000  0.943  0.000  0.001  0.000  0.000  0.000  0.000  0.001  0.000  0.000  0.055	10
 11:	0.002  0.869  0.000  0.004  0.000  0.000  0.000  0.000  0.004  0.116  0.005  0.000	10
 12:	0.000  0.883  0.000  0.005  0.000  0.000  0.001  0.004  0.005  0.001  0.101  0.000	10
 13:	0.000  0.838  0.000  0.003  0.000  0.000  0.000  0.155  0.003  0.000  0.000  0.000	10
 14:	0.000  0.878  0.000  0.002  0.117  0.000  0.000  0.000  0.002  0.000  0.000  0.000	10
 15:	0.000  0.874  0.000  0.002  0.121  0.001  0.000  0.000  0.002  0.000  0.000  0.000	10
 16:	0.093  0.901  0.000  0.003  0.000  0.000  0.001  0.000  0.003  0.000  0.000  0.001	10
 17:	0.013  0.866  0.000  0.004  0.000  0.000  0.001  0.000  0.004  0.002  0.109  0.000	10
 18:	0.000  0.817  0.000  0.004  0.001  0.175  0.000  0.000  0.003  0.000  0.000  0.000	10

  1:	0.001  0.000  0.001  0.001  0.891  0.001  0.000  0.000  0.101  0.001  0.001  0.001	10
  2:	0.004  0.000  0.004  0.000  0.920  0.003  0.000  0.000  0.000  0.064  0.003  0.002	8
  3:	0.001  0.000  0.001  0.000  0.926  0.001  0.000  0.000  0.070  0.000  0.001  0.000	10
  4:	0.001  0.000  0.001  0.000  0.921  0.001  0.000  0.000  0.000  0.000  0.001  0.075	10
  5:	0.001  0.164  0.001  0.000  0.827  0.001  0.000  0.003  0.000  0.000  0.001  0.000	10
  6:	0.001  0.000  0.001  0.000  0.932  0.001  0.000  0.000  0.063  0.000  0.001  0.000	10
  7:	0.000  0.000  0.000  0.000  0.941  0.000  0.000  0.000  0.058  0.000  0.000  0.000	10
  8:	0.004  0.000  0.003  0.001  0.896  0.002  0.000  0.000  0.001  0.088  0.004  0.001	10
  9:	0.001  0.000  0.001  0.000  0.994  0.001  0.000  0.000  0.002  0.000  0.001  0.000	10
 10:	0.001  0.000  0.001  0.000  0.997  0.001  0.000  0.000  0.000  0.000  0.001  0.000	10
 11:	0.004  0.000  0.004  0.106  0.867  0.003  0.000  0.000  0.000  0.012  0.004  0.001	10
 12:	0.002  0.000  0.003  0.099  0.890  0.002  0.001  0.000  0.000  0.000  0.002  0.000	10
 13:	0.001  0.000  0.002  0.001  0.852  0.002  0.141  0.000  0.000  0.000  0.002  0.000	10
 14:	0.001  0.000  0.001  0.000  0.080  0.001  0.000  0.916  0.000  0.000  0.001  0.000	10
 15:	0.001  0.000  0.001  0.000  0.030  0.001  0.000  0.967  0.000  0.000  0.001  0.000	10
 16:	0.001  0.000  0.001  0.000  0.897  0.001  0.000  0.000  0.000  0.001  0.001  0.097	10
 17:	0.001  0.000  0.001  0.003  0.890  0.001  0.000  0.000  0.000  0.102  0.001  0.001	10
 18:	0.001  0.162  0.002  0.000  0.731  0.002  0.000  0.101  0.000  0.000  0.002  0.000	10

  1:	0.013  0.003  0.000  0.001  0.000  0.001  0.437  0.540  0.003  0.000  0.001  0.000	10
  2:	0.078  0.006  0.000  0.003  0.000  0.000  0.001  0.906  0.006  0.000  0.000  0.000	8
  3:	0.000  0.002  0.407  0.001  0.000  0.000  0.001  0.588  0.002  0.000  0.000  0.000	10
  4:	0.000  0.004  0.015  0.061  0.000  0.000  0.013  0.900  0.006  0.000  0.000  0.000	10
  5:	0.000  0.002  0.000  0.001  0.402  0.000  0.001  0.587  0.003  0.004  0.000  0.000	10
  6:	0.000  0.002  0.391  0.001  0.000  0.000  0.001  0.603  0.001  0.000  0.000  0.000	10
  7:	0.000  0.000  0.000  0.000  0.000  0.000  0.424  0.574  0.001  0.000  0.000  0.000	10
  8:	0.102  0.006  0.001  0.001  0.000  0.005  0.009  0.869  0.006  0.000  0.000  0.000	10
  9:	0.000  0.001  0.000  0.000  0.000  0.000  0.357  0.640  0.001  0.000  0.000  0.000	10
 10:	0.000  0.000  0.000  0.000  0.000  0.000  0.356  0.643  0.001  0.000  0.000  0.000	10
 11:	0.004  0.005  0.002  0.002  0.000  0.113  0.001  0.853  0.007  0.000  0.013  0.001	10
 12:	0.000  0.002  0.000  0.001  0.000  0.000  0.000  0.829  0.002  0.000  0.163  0.002	10
 13:	0.000  0.004  0.000  0.001  0.000  0.000  0.001  0.832  0.004  0.000  0.000  0.157	10
 14:	0.000  0.002  0.000  0.000  0.000  0.000  0.000  0.559  0.002  0.435  0.000  0.000	10
 15:	0.000  0.002  0.000  0.001  0.001  0.000  0.000  0.556  0.002  0.438  0.000  0.000	10
 16:	0.001  0.004  0.002  0.084  0.000  0.001  0.001  0.901  0.006  0.000  0.000  0.000	10
 17:	0.001  0.002  0.000  0.002  0.000  0.123  0.002  0.867  0.002  0.000  0.002  0.000	10
 18:	0.000  0.003  0.000  0.001  0.370  0.000  0.000  0.552  0.004  0.070  0.000  0.000	10

  1:	0.000  0.002  0.001  0.003  0.000  0.001  0.003  0.000  0.001  0.267  0.003  0.719	10
  2:	0.000  0.005  0.002  0.005  0.000  0.000  0.069  0.000  0.000  0.003  0.005  0.910	8
  3:	0.000  0.001  0.000  0.001  0.000  0.000  0.000  0.000  0.095  0.000  0.001  0.901	10
  4:	0.000  0.001  0.085  0.001  0.000  0.000  0.000  0.000  0.000  0.002  0.001  0.907	10
  5:	0.223  0.002  0.000  0.002  0.002  0.000  0.000  0.000  0.000  0.000  0.002  0.770	10
  6:	0.000  0.002  0.000  0.001  0.000  0.000  0.000  0.000  0.088  0.000  0.002  0.907	10
  7:	0.000  0.000  0.000  0.000  0.000  0.000  0.000  0.000  0.000  0.243  0.000  0.756	10
  8:	0.000  0.004  0.001  0.004  0.000  0.001  0.095  0.000  0.001  0.008  0.005  0.881	10
  9:	0.000  0.001  0.000  0.001  0.000  0.000  0.000  0.000  0.000  0.157  0.001  0.841	10
 10:	0.000  0.000  0.000  0.000  0.000  0.000  0.000  0.000  0.000  0.157  0.000  0.841	10
 11:	0.000  0.004  0.010  0.005  0.000  0.110  0.012  0.000  0.001  0.001  0.004  0.853	10
 12:	0.000  0.005  0.000  0.002  0.000  0.127  0.000  0.001  0.000  0.000  0.002  0.863	10
 13:	0.000  0.003  0.000  0.002  0.000  0.001  0.000  0.148  0.000  0.000  0.002  0.843	10
 14:	0.000  0.001  0.000  0.001  0.252  0.000  0.000  0.000  0.000  0.000  0.001  0.744	10
 15:	0.001  0.001  0.000  0.001  0.259  0.000  0.000  0.000  0.000  0.000  0.001  0.736	10
 16:	0.000  0.002  0.104  0.002  0.000  0.000  0.001  0.000  0.002  0.001  0.002  0.885	10
 17:	0.000  0.001  0.001  0.002  0.000  0.005  0.109  0.000  0.000  0.000  0.002  0.879	10
 18:	0.219  0.003  0.000  0.002  0.039  0.000  0.000  0.000  0.000  0.000  0.002  0.734	10

  1:	0.001  0.001  0.000  0.001  0.001  0.000  0.150  0.015  0.001  0.001  0.830  0.000	10
  2:	0.004  0.001  0.000  0.055  0.003  0.000  0.000  0.000  0.004  0.020  0.911  0.000	8
  3:	0.001  0.000  0.106  0.000  0.001  0.000  0.000  0.000  0.001  0.000  0.891  0.000	10
  4:	0.000  0.000  0.000  0.000  0.000  0.000  0.000  0.092  0.000  0.000  0.907  0.000	10
  5:	0.002  0.000  0.000  0.000  0.002  0.000  0.000  0.000  0.001  0.000  0.830  0.164	10
  6:	0.001  0.000  0.100  0.000  0.001  0.000  0.000  0.000  0.001  0.000  0.897  0.000	10
  7:	0.000  0.000  0.000  0.000  0.000  0.000  0.130  0.000  0.000  0.000  0.869  0.000	10
  8:	0.003  0.004  0.001  0.074  0.004  0.000  0.001  0.000  0.004  0.023  0.886  0.000	10
  9:	0.001  0.000  0.000  0.000  0.001  0.000  0.053  0.000  0.001  0.000  0.945  0.000	10
 10:	0.000  0.000  0.000  0.000  0.000  0.000  0.047  0.000  0.000  0.000  0.952  0.000	10
 11:	0.005  0.111  0.000  0.007  0.004  0.001  0.000  0.000  0.005  0.002  0.863  0.000	10
 12:	0.003  0.103  0.000  0.002  0.003  0.001  0.000  0.000  0.001  0.000  0.886  0.000	10
 13:	0.003  0.000  0.000  0.000  0.002  0.147  0.000  0.000  0.002  0.000  0.845  0.000	10
 14:	0.002  0.000  0.000  0.000  0.002  0.000  0.000  0.000  0.001  0.000  0.921  0.073	10
 15:	0.001  0.000  0.000  0.000  0.001  0.000  0.000  0.000  0.001  0.000  0.919  0.078	10
 16:	0.001  0.000  0.000  0.000  0.001  0.000  0.000  0.001  0.002  0.117  0.878  0.000	10
 17:	0.002  0.115  0.000  0.003  0.002  0.000  0.000  0.000  0.002  0.005  0.870  0.000	10
 18:	0.002  0.000  0.000  0.000  0.002  0.000  0.000  0.000  0.002  0.000  0.820  0.173	10

  1:	0.000  0.001  0.110  0.002  0.001  0.000  0.000  0.883  0.001  0.000  0.001  0.000	10
  2:	0.000  0.004  0.000  0.004  0.074  0.000  0.001  0.911  0.005  0.000  0.001  0.000	8
  3:	0.000  0.001  0.000  0.001  0.000  0.000  0.000  0.871  0.001  0.000  0.000  0.127	10
  4:	0.000  0.003  0.073  0.002  0.002  0.000  0.001  0.914  0.003  0.000  0.001  0.002	10
  5:	0.004  0.002  0.000  0.002  0.000  0.197  0.000  0.793  0.002  0.000  0.000  0.000	10
  6:	0.000  0.001  0.000  0.001  0.000  0.000  0.000  0.879  0.001  0.000  0.000  0.118	10
  7:	0.000  0.000  0.079  0.000  0.000  0.000  0.000  0.920  0.000  0.000  0.000  0.000	10
  8:	0.000  0.005  0.001  0.004  0.089  0.000  0.000  0.886  0.005  0.000  0.010  0.000	10
  9:	0.000  0.001  0.027  0.001  0.000  0.000  0.000  0.971  0.001  0.000  0.000  0.000	10
 10:	0.000  0.000  0.023  0.000  0.000  0.000  0.000  0.975  0.000  0.000  0.000  0.000	10
 11:	0.000  0.004  0.000  0.004  0.004  0.000  0.011  0.873  0.004  0.000  0.100  0.000	10
 12:	0.000  0.002  0.000  0.003  0.000  0.000  0.096  0.894  0.004  0.000  0.001  0.000	10
 13:	0.000  0.003  0.000  0.003  0.000  0.000  0.134  0.856  0.003  0.000  0.000  0.000	10
 14:	0.000  0.001  0.000  0.001  0.000  0.000  0.000  0.848  0.001  0.148  0.000  0.000	10
 15:	0.000  0.001  0.000  0.001  0.000  0.000  0.000  0.840  0.001  0.156  0.000  0.000	10
 16:	0.000  0.002  0.001  0.002  0.084  0.000  0.000  0.909  0.002  0.000  0.000  0.000	10
 17:	0.000  0.002  0.001  0.002  0.003  0.000  0.001  0.882  0.002  0.000  0.108  0.000	10
 18:	0.181  0.002  0.000  0.002  0.000  0.025  0.000  0.788  0.002  0.001  0.000  0.000	10

  1:	0.115  0.879  0.000  0.001  0.001  0.001  0.000  0.001  0.000  0.000  0.000  0.001	10
  2:	0.000  0.922  0.000  0.001  0.005  0.002  0.059  0.005  0.000  0.000  0.001  0.004	8
  3:	0.075  0.921  0.000  0.000  0.001  0.000  0.000  0.001  0.000  0.000  0.000  0.001	10
  4:	0.000  0.920  0.000  0.000  0.001  0.075  0.000  0.001  0.000  0.000  0.000  0.001	10
  5:	0.000  0.834  0.001  0.000  0.002  0.000  0.000  0.001  0.000  0.160  0.000  0.002	10
  6:	0.069  0.927  0.000  0.000  0.001  0.000  0.000  0.001  0.000  0.000  0.000  0.001	10
  7:	0.069  0.930  0.000  0.001  0.000  0.000  0.000  0.000  0.000  0.000  0.000  0.000	10
  8:	0.001  0.899  0.000  0.000  0.005  0.001  0.081  0.005  0.000  0.000  0.004  0.003	10
  9:	0.001  0.985  0.000  0.014  0.000  0.000  0.000  0.000  0.000  0.000  0.000  0.000	10
 10:	0.000  0.989  0.000  0.010  0.000  0.000  0.000  0.000  0.000  0.000  0.000  0.000	10
 11:	0.000  0.883  0.000  0.000  0.004  0.000  0.087  0.004  0.014  0.000  0.005  0.003	10
 12:	0.000  0.893  0.000  0.009  0.001  0.000  0.000  0.001  0.095  0.000  0.000  0.001	10
 13:	0.000  0.855  0.000  0.000  0.003  0.000  0.000  0.002  0.136  0.000  0.000  0.003	10
 14:	0.000  0.656  0.340  0.000  0.001  0.000  0.000  0.001  0.000  0.000  0.000  0.001	10
 15:	0.000  0.636  0.360  0.000  0.001  0.000  0.000  0.001  0.000  0.001  0.000  0.001	10
 16:	0.000  0.897  0.000  0.000  0.001  0.098  0.001  0.001  0.000  0.000  0.000  0.001	10
 17:	0.000  0.876  0.000  0.000  0.001  0.001  0.001  0.001  0.000  0.000  0.120  0.001	10
 18:	0.000  0.800  0.030  0.000  0.002  0.000  0.000  0.002  0.000  0.164  0.000  0.002	10

  1:	0.001  0.119  0.000  0.000  0.001  0.000  0.000  0.001  0.001  0.000  0.000  0.875	10
  2:	0.004  0.000  0.000  0.073  0.004  0.000  0.000  0.002  0.003  0.000  0.000  0.914	8
  3:	0.002  0.078  0.000  0.000  0.001  0.000  0.000  0.000  0.001  0.000  0.000  0.918	10
  4:	0.002  0.000  0.000  0.000  0.002  0.000  0.000  0.078  0.001  0.000  0.000  0.916	10
  5:	0.002  0.000  0.003  0.000  0.002  0.000  0.000  0.000  0.001  0.168  0.000  0.824	10
  6:	0.002  0.071  0.000  0.000  0.001  0.000  0.000  0.000  0.001  0.000  0.000  0.924	10
  7:	0.000  0.068  0.000  0.000  0.000  0.000  0.000  0.000  0.000  0.000  0.000  0.931	10
  8:	0.004  0.000  0.000  0.097  0.005  0.001  0.002  0.001  0.001  0.000  0.000  0.889	10
  9:	0.001  0.001  0.000  0.000  0.001  0.000  0.000  0.000  0.006  0.000  0.000  0.991	10
 10:	0.001  0.000  0.000  0.000  0.001  0.000  0.000  0.000  0.004  0.000  0.000  0.994	10
 11:	0.003  0.000  0.000  0.001  0.003  0.005  0.116  0.000  0.001  0.000  0.000  0.870	10
 12:	0.003  0.000  0.000  0.000  0.001  0.097  0.001  0.000  0.008  0.000  0.002  0.887	10
 13:	0.003  0.000  0.000  0.000  0.002  0.000  0.000  0.000  0.001  0.000  0.140  0.854	10
 14:	0.001  0.000  0.771  0.000  0.002  0.000  0.000  0.000  0.001  0.000  0.000  0.225	10
 15:	0.001  0.000  0.806  0.000  0.002  0.000  0.000  0.000  0.001  0.000  0.000  0.190	10
 16:	0.002  0.000  0.000  0.001  0.002  0.000  0.000  0.103  0.001  0.000  0.000  0.890	10
 17:	0.003  0.000  0.000  0.005  0.004  0.109  0.002  0.003  0.002  0.000  0.000  0.871	10
 18:	0.003  0.000  0.082  0.000  0.003  0.000  0.000  0.000  0.001  0.167  0.000  0.745	10

  1:	0.000  0.000  0.000  0.004  0.150  0.002  0.838  0.001  0.000  0.001  0.003  0.001	10
  2:	0.000  0.000  0.000  0.006  0.000  0.071  0.911  0.003  0.000  0.002  0.007  0.000	8
  3:	0.000  0.000  0.113  0.001  0.000  0.000  0.885  0.000  0.000  0.000  0.001  0.000	10
  4:	0.000  0.000  0.000  0.002  0.000  0.000  0.907  0.088  0.000  0.000  0.002  0.000	10
  5:	0.166  0.000  0.000  0.003  0.000  0.000  0.828  0.000  0.000  0.000  0.003  0.000	10
  6:	0.000  0.000  0.106  0.001  0.000  0.000  0.891  0.000  0.000  0.000  0.001  0.000	10
  7:	0.000  0.000  0.000  0.000  0.125  0.000  0.874  0.000  0.000  0.000  0.000  0.000	10
  8:	0.000  0.000  0.001  0.006  0.001  0.093  0.886  0.001  0.000  0.004  0.006  0.001	10
  9:	0.000  0.000  0.000  0.001  0.049  0.000  0.948  0.000  0.000  0.000  0.001  0.000	10
 10:	0.000  0.000  0.000  0.000  0.045  0.000  0.954  0.000  0.000  0.000  0.000  0.000	10
 11:	0.000  0.001  0.001  0.006  0.000  0.009  0.860  0.002  0.000  0.005  0.010  0.106	10
 12:	0.000  0.002  0.000  0.004  0.000  0.000  0.884  0.000  0.000  0.000  0.006  0.102	10
 13:	0.000  0.148  0.000  0.004  0.000  0.000  0.842  0.000  0.000  0.000  0.004  0.001	10
 14:	0.000  0.000  0.000  0.002  0.000  0.000  0.879  0.000  0.116  0.000  0.002  0.000	10
 15:	0.001  0.000  0.000  0.002  0.000  0.000  0.875  0.000  0.121  0.000  0.002  0.000	10
 16:	0.000  0.000  0.000  0.003  0.000  0.001  0.879  0.114  0.000  0.000  0.002  0.000	10
 17:	0.000  0.000  0.000  0.002  0.000  0.001  0.869  0.001  0.000  0.123  0.002  0.002	10
 18:	0.173  0.000  0.000  0.004  0.000  0.000  0.819  0.000  0.001  0.000  0.003  0.000	10

  1:	0.001  0.082  0.000  0.001  0.000  0.000  0.001  0.912  0.000  0.000  0.001  0.001	10
  2:	0.005  0.002  0.000  0.004  0.000  0.000  0.051  0.930  0.000  0.000  0.002  0.005	8
  3:	0.001  0.000  0.000  0.000  0.000  0.098  0.000  0.900  0.000  0.000  0.000  0.001	10
  4:	0.002  0.063  0.000  0.002  0.000  0.000  0.000  0.929  0.000  0.000  0.001  0.002	10
  5:	0.002  0.000  0.005  0.002  0.000  0.000  0.000  0.799  0.002  0.187  0.000  0.002	10
  6:	0.001  0.000  0.000  0.001  0.000  0.089  0.000  0.908  0.000  0.000  0.000  0.001	10
  7:	0.000  0.055  0.000  0.000  0.000  0.000  0.000  0.944  0.000  0.000  0.000  0.000	10
  8:	0.006  0.003  0.000  0.004  0.001  0.001  0.067  0.908  0.000  0.000  0.004  0.006	10
  9:	0.001  0.001  0.000  0.001  0.000  0.000  0.000  0.995  0.000  0.000  0.000  0.001	10
 10:	0.001  0.000  0.000  0.001  0.000  0.000  0.000  0.997  0.000  0.000  0.000  0.001	10
 11:	0.003  0.000  0.000  0.002  0.028  0.000  0.005  0.872  0.000  0.000  0.086  0.002	10
 12:	0.001  0.000  0.000  0.004  0.094  0.000  0.000  0.897  0.000  0.000  0.001  0.002	10
 13:	0.004  0.000  0.000  0.002  0.133  0.000  0.000  0.858  0.000  0.000  0.001  0.003	10
 14:	0.001  0.000  0.000  0.001  0.000  0.000  0.000  0.093  0.903  0.000  0.000  0.001	10
 15:	0.001  0.000  0.000  0.001  0.000  0.000  0.000  0.039  0.958  0.000  0.000  0.001	10
 16:	0.002  0.082  0.000  0.002  0.000  0.000  0.002  0.908  0.000  0.000  0.001  0.002	10
 17:	0.003  0.002  0.000  0.002  0.003  0.000  0.080  0.905  0.000  0.000  0.003  0.003	10
 18:	0.002  0.000  0.180  0.002  0.000  0.000  0.000  0.785  0.004  0.025  0.000  0.002	10

  1:	0.001  0.001  0.000  0.000  0.001  0.000  0.879  0.114  0.001  0.001  0.000  0.001	10
  2:	0.004  0.003  0.000  0.000  0.004  0.000  0.916  0.000  0.004  0.069  0.000  0.000	8
  3:	0.001  0.001  0.000  0.000  0.000  0.000  0.896  0.000  0.000  0.000  0.102  0.000	10
  4:	0.002  0.002  0.000  0.000  0.002  0.000  0.913  0.074  0.002  0.002  0.001  0.001	10
  5:	0.002  0.001  0.152  0.000  0.001  0.000  0.842  0.000  0.001  0.000  0.000  0.000	10
  6:	0.001  0.001  0.000  0.000  0.001  0.000  0.903  0.000  0.001  0.000  0.095  0.000	10
  7:	0.000  0.000  0.000  0.000  0.000  0.000  0.916  0.083  0.000  0.000  0.000  0.000	10
  8:	0.004  0.003  0.000  0.000  0.004  0.000  0.890  0.001  0.004  0.090  0.000  0.001	10
  9:	0.000  0.001  0.000  0.000  0.001  0.000  0.968  0.030  0.001  0.000  0.000  0.000	10
 10:	0.000  0.000  0.000  0.000  0.000  0.000  0.973  0.026  0.000  0.000  0.000  0.000	10
 11:	0.004  0.003  0.000  0.000  0.002  0.001  0.866  0.000  0.004  0.013  0.001  0.106	10
 12:	0.002  0.001  0.000  0.000  0.002  0.002  0.889  0.000  0.004  0.000  0.000  0.100	10
 13:	0.001  0.001  0.000  0.000  0.002  0.148  0.847  0.000  0.001  0.000  0.000  0.000	10
 14:	0.001  0.001  0.000  0.116  0.001  0.000  0.880  0.000  0.001  0.000  0.000  0.000	10
 15:	0.001  0.001  0.001  0.121  0.001  0.000  0.876  0.000  0.001  0.000  0.000  0.000	10
 16:	0.001  0.001  0.000  0.000  0.001  0.000  0.913  0.002  0.001  0.080  0.000  0.000	10
 17:	0.002  0.001  0.000  0.000  0.001  0.000  0.883  0.000  0.001  0.105  0.000  0.006	10
 18:	0.001  0.002  0.158  0.002  0.002  0.000  0.833  0.000  0.002  0.000  0.000  0.000	10

  1:	0.000  0.000  0.002  0.001  0.001  0.000  0.002  0.794  0.000  0.001  0.198  0.001	10
  2:	0.000  0.000  0.005  0.003  0.072  0.000  0.008  0.910  0.000  0.000  0.002  0.001	8
  3:	0.000  0.000  0.002  0.000  0.000  0.111  0.001  0.885  0.000  0.000  0.000  0.000	10
  4:	0.000  0.000  0.003  0.083  0.000  0.000  0.003  0.910  0.000  0.000  0.000  0.000	10
  5:	0.000  0.171  0.002  0.000  0.000  0.000  0.003  0.824  0.000  0.000  0.000  0.000	10
  6:	0.000  0.000  0.002  0.000  0.000  0.104  0.001  0.892  0.000  0.000  0.000  0.000	10
  7:	0.000  0.000  0.000  0.000  0.000  0.000  0.000  0.848  0.000  0.000  0.152  0.000	10
  8:	0.000  0.000  0.005  0.001  0.092  0.001  0.007  0.884  0.000  0.004  0.004  0.001	10
  9:	0.000  0.000  0.001  0.000  0.000  0.000  0.001  0.937  0.000  0.000  0.061  0.000	10
 10:	0.000  0.000  0.000  0.000  0.000  0.000  0.000  0.944  0.000  0.000  0.055  0.000	10
 11:	0.000  0.000  0.004  0.000  0.002  0.000  0.005  0.858  0.000  0.125  0.000  0.006	10
 12:	0.000  0.000  0.006  0.000  0.000  0.000  0.004  0.880  0.003  0.001  0.000  0.105	10
 13:	0.000  0.000  0.004  0.000  0.000  0.000  0.004  0.848  0.144  0.000  0.000  0.000	10
 14:	0.155  0.000  0.002  0.000  0.000  0.000  0.002  0.841  0.000  0.000  0.000  0.000	10
 15:	0.163  0.001  0.002  0.000  0.000  0.000  0.002  0.832  0.000  0.000  0.000  0.000	10
 16:	0.000  0.000  0.003  0.109  0.001  0.000  0.004  0.882  0.000  0.000  0.000  0.000	10
 17:	0.000  0.000  0.004  0.004  0.005  0.000  0.004  0.863  0.000  0.002  0.000  0.117	10
 18:	0.005  0.177  0.003  0.000  0.000  0.000  0.003  0.811  0.000  0.000  0.000  0.000	10

  1:	0.000  0.166  0.000  0.002  0.001  0.002  0.002  0.823  0.001  0.000  0.002  0.001	10
  2:	0.000  0.000  0.000  0.003  0.000  0.004  0.073  0.913  0.002  0.000  0.004  0.000	8
  3:	0.000  0.000  0.000  0.001  0.133  0.001  0.000  0.864  0.000  0.000  0.001  0.000	10
  4:	0.000  0.000  0.000  0.001  0.000  0.002  0.000  0.912  0.082  0.000  0.002  0.000	10
  5:	0.000  0.000  0.000  0.002  0.000  0.002  0.000  0.833  0.000  0.161  0.002  0.000	10
  6:	0.000  0.000  0.000  0.001  0.127  0.001  0.000  0.870  0.000  0.000  0.001  0.000	10
  7:	0.000  0.135  0.000  0.000  0.000  0.000  0.000  0.864  0.000  0.000  0.000  0.000	10
  8:	0.000  0.001  0.000  0.003  0.000  0.004  0.095  0.888  0.001  0.000  0.004  0.003	10
  9:	0.000  0.052  0.000  0.001  0.000  0.001  0.000  0.945  0.000  0.000  0.001  0.000	10
 10:	0.000  0.047  0.000  0.000  0.000  0.000  0.000  0.952  0.000  0.000  0.000  0.000	10
 11:	0.000  0.000  0.013  0.004  0.001  0.005  0.007  0.881  0.001  0.000  0.005  0.083	10
 12:	0.000  0.000  0.100  0.003  0.000  0.004  0.000  0.890  0.000  0.000  0.002  0.001	10
 13:	0.000  0.000  0.139  0.003  0.000  0.003  0.000  0.851  0.000  0.000  0.003  0.000	10
 14:	0.153  0.000  0.000  0.001  0.000  0.001  0.000  0.843  0.000  0.000  0.001  0.000	10
 15:	0.160  0.000  0.000  0.001  0.000  0.001  0.000  0.836  0.000  0.001  0.001  0.000	10
 16:	0.000  0.000  0.000  0.002  0.000  0.002  0.001  0.886  0.107  0.000  0.002  0.000	10
 17:	0.000  0.000  0.001  0.003  0.000  0.002  0.003  0.891  0.004  0.000  0.003  0.093	10
 18:	0.006  0.000  0.000  0.002  0.000  0.002  0.000  0.820  0.000  0.167  0.002  0.000	10

  1:	0.114  0.000  0.002  0.000  0.000  0.000  0.879  0.001  0.000  0.001  0.002  0.000	10
  2:	0.000  0.000  0.003  0.002  0.000  0.000  0.915  0.001  0.000  0.004  0.004  0.069	8
  3:	0.000  0.228  0.000  0.000  0.000  0.000  0.770  0.000  0.000  0.001  0.001  0.000	10
  4:	0.074  0.004  0.005  0.002  0.000  0.000  0.909  0.001  0.000  0.002  0.002  0.000	10
  5:	0.000  0.000  0.002  0.000  0.002  0.230  0.763  0.000  0.000  0.002  0.002  0.000	10
  6:	0.000  0.218  0.001  0.000  0.000  0.000  0.779  0.000  0.000  0.001  0.001  0.000	10
  7:	0.077  0.000  0.000  0.000  0.000  0.000  0.921  0.000  0.000  0.000  0.000  0.000	10
  8:	0.001  0.001  0.004  0.004  0.000  0.000  0.890  0.002  0.000  0.003  0.005  0.091	10
  9:	0.026  0.000  0.001  0.000  0.000  0.000  0.971  0.000  0.000  0.001  0.001  0.000	10
 10:	0.023  0.000  0.000  0.000  0.000  0.000  0.976  0.000  0.000  0.000  0.000  0.000	10
 11:	0.007  0.002  0.005  0.004  0.000  0.000  0.815  0.149  0.001  0.005  0.004  0.008	10
 12:	0.000  0.000  0.003  0.000  0.000  0.000  0.787  0.201  0.002  0.003  0.004  0.000	10
 13:	0.000  0.000  0.002  0.000  0.000  0.000  0.846  0.006  0.141  0.003  0.002  0.000	10
 14:	0.000  0.000  0.001  0.000  0.291  0.000  0.705  0.000  0.000  0.001  0.001  0.000	10
 15:	0.000  0.000  0.001  0.000  0.302  0.001  0.694  0.000  0.000  0.001  0.001  0.000	10
 16:	0.003  0.001  0.002  0.076  0.000  0.000  0.912  0.000  0.000  0.002  0.002  0.001	10
 17:	0.001  0.000  0.003  0.101  0.000  0.000  0.868  0.021  0.000  0.002  0.002  0.002	10
 18:	0.000  0.000  0.002  0.000  0.039  0.225  0.730  0.000  0.000  0.002  0.002  0.000	10

  1:	0.003  0.001  0.001  0.002  0.000  0.002  0.000  0.002  0.737  0.000  0.000  0.251	10
  2:	0.004  0.000  0.004  0.073  0.000  0.005  0.000  0.003  0.902  0.000  0.000  0.009	8
  3:	0.001  0.000  0.000  0.000  0.000  0.001  0.182  0.001  0.815  0.000  0.000  0.001	10
  4:	0.002  0.000  0.122  0.000  0.000  0.002  0.000  0.001  0.863  0.000  0.000  0.009	10
  5:	0.002  0.000  0.000  0.000  0.003  0.002  0.000  0.002  0.767  0.000  0.224  0.001	10
  6:	0.001  0.000  0.000  0.000  0.000  0.001  0.174  0.001  0.823  0.000  0.000  0.000	10
  7:	0.000  0.000  0.000  0.000  0.000  0.000  0.000  0.000  0.775  0.000  0.000  0.224	10
  8:	0.004  0.003  0.002  0.096  0.000  0.004  0.001  0.004  0.872  0.000  0.000  0.015	10
  9:	0.001  0.000  0.000  0.000  0.000  0.001  0.000  0.001  0.861  0.000  0.000  0.137	10
 10:	0.000  0.000  0.000  0.000  0.000  0.000  0.000  0.000  0.864  0.000  0.000  0.135	10
 11:	0.005  0.082  0.002  0.006  0.000  0.003  0.001  0.005  0.884  0.011  0.000  0.001	10
 12:	0.002  0.001  0.000  0.000  0.000  0.002  0.000  0.005  0.895  0.094  0.000  0.000	10
 13:	0.003  0.000  0.000  0.000  0.000  0.003  0.000  0.003  0.849  0.142  0.000  0.000	10
 14:	0.001  0.000  0.000  0.000  0.230  0.001  0.000  0.001  0.766  0.000  0.000  0.000	10
 15:	0.001  0.000  0.000  0.000  0.236  0.001  0.000  0.001  0.760  0.000  0.001  0.000	10
 16:	0.002  0.000  0.150  0.001  0.000  0.002  0.000  0.002  0.839  0.000  0.000  0.003	10
 17:	0.003  0.090  0.006  0.002  0.000  0.002  0.000  0.002  0.893  0.001  0.000  0.001	10
 18:	0.002  0.000  0.000  0.000  0.026  0.003  0.000  0.002  0.747  0.000  0.219  0.000	10

  1:	0.001  0.000  0.001  0.001  0.112  0.001  0.000  0.000  0.001  0.882  0.001  0.000	10
  2:	0.003  0.000  0.065  0.002  0.000  0.002  0.000  0.000  0.002  0.922  0.004  0.000	8
  3:	0.000  0.000  0.000  0.000  0.000  0.000  0.000  0.100  0.000  0.899  0.000  0.000	10
  4:	0.002  0.000  0.002  0.001  0.074  0.002  0.000  0.001  0.001  0.915  0.002  0.001	10
  5:	0.001  0.156  0.000  0.001  0.000  0.001  0.000  0.000  0.001  0.839  0.001  0.000	10
  6:	0.000  0.000  0.000  0.000  0.000  0.000  0.000  0.093  0.000  0.905  0.000  0.000	10
  7:	0.000  0.000  0.000  0.000  0.080  0.000  0.000  0.000  0.000  0.919  0.000  0.000	10
  8:	0.002  0.000  0.084  0.004  0.001  0.002  0.000  0.000  0.004  0.898  0.003  0.001	10
  9:	0.000  0.000  0.000  0.000  0.027  0.000  0.000  0.000  0.000  0.971  0.000  0.000	10
 10:	0.000  0.000  0.000  0.000  0.023  0.000  0.000  0.000  0.000  0.975  0.000  0.000	10
 11:	0.002  0.000  0.019  0.004  0.000  0.003  0.000  0.001  0.003  0.886  0.003  0.079	10
 12:	0.003  0.000  0.000  0.002  0.000  0.001  0.000  0.000  0.001  0.909  0.002  0.081	10
 13:	0.002  0.000  0.000  0.002  0.000  0.002  0.000  0.000  0.002  0.878  0.002  0.112	10
 14:	0.001  0.000  0.000  0.001  0.000  0.001  0.136  0.000  0.001  0.860  0.001  0.000	10
 15:	0.001  0.000  0.000  0.001  0.000  0.000  0.143  0.000  0.001  0.854  0.001  0.000	10
 16:	0.001  0.000  0.073  0.001  0.002  0.001  0.000  0.000  0.001  0.919  0.002  0.000	10
 17:	0.001  0.000  0.100  0.001  0.000  0.001  0.000  0.000  0.001  0.891  0.001  0.002	10
 18:	0.001  0.162  0.000  0.001  0.000  0.001  0.003  0.000  0.001  0.830  0.001  0.000	10

  1:	0.001  0.118  0.000  0.000  0.001  0.001  0.000  0.001  0.000  0.001  0.000  0.876	10
  2:	0.003  0.000  0.063  0.000  0.003  0.003  0.000  0.001  0.000  0.002  0.002  0.923	8
  3:	0.001  0.071  0.000  0.000  0.001  0.001  0.000  0.000  0.000  0.000  0.000  0.924	10
  4:	0.001  0.000  0.000  0.000  0.001  0.001  0.000  0.000  0.000  0.079  0.000  0.917	10
  5:	0.001  0.000  0.000  0.000  0.002  0.002  0.000  0.000  0.151  0.000  0.000  0.844	10
  6:	0.001  0.065  0.000  0.000  0.001  0.001  0.000  0.000  0.000  0.000  0.000  0.930	10
  7:	0.000  0.071  0.000  0.000  0.000  0.000  0.000  0.000  0.000  0.000  0.000  0.928	10
  8:	0.003  0.000  0.083  0.000  0.003  0.002  0.001  0.001  0.000  0.001  0.005  0.900	10
  9:	0.001  0.024  0.000  0.000  0.001  0.001  0.000  0.000  0.000  0.000  0.000  0.974	10
 10:	0.000  0.019  0.000  0.000  0.000  0.000  0.000  0.000  0.000  0.000  0.000  0.980	10
 11:	0.001  0.000  0.001  0.000  0.001  0.001  0.004  0.000  0.000  0.000  0.105  0.885	10
 12:	0.000  0.000  0.000  0.001  0.000  0.000  0.086  0.010  0.000  0.000  0.000  0.900	10
 13:	0.001  0.000  0.000  0.141  0.001  0.001  0.000  0.000  0.000  0.000  0.000  0.855	10
 14:	0.002  0.000  0.000  0.000  0.001  0.001  0.000  0.000  0.067  0.000  0.000  0.928	10
 15:	0.001  0.000  0.000  0.000  0.001  0.001  0.000  0.001  0.071  0.000  0.000  0.926	10
 16:	0.001  0.000  0.000  0.000  0.001  0.001  0.000  0.000  0.000  0.102  0.000  0.894	10
 17:	0.002  0.000  0.003  0.000  0.002  0.002  0.101  0.000  0.000  0.003  0.001  0.885	10
 18:	0.002  0.000  0.000  0.000  0.001  0.001  0.000  0.002  0.158  0.000  0.000  0.835	10

  1:	0.001  0.000  0.001  0.001  0.005  0.000  0.001  0.000  0.000  0.886  0.001  0.105	10
  2:	0.001  0.069  0.002  0.003  0.000  0.000  0.003  0.000  0.000  0.919  0.002  0.000	8
  3:	0.000  0.000  0.001  0.001  0.000  0.000  0.001  0.000  0.000  0.909  0.001  0.088	10
  4:	0.074  0.000  0.001  0.001  0.000  0.000  0.001  0.000  0.000  0.922  0.001  0.000	10
  5:	0.000  0.000  0.001  0.001  0.000  0.000  0.001  0.154  0.000  0.841  0.001  0.000	10
  6:	0.000  0.000  0.001  0.001  0.000  0.000  0.001  0.000  0.000  0.915  0.001  0.083	10
  7:	0.000  0.000  0.000  0.000  0.060  0.000  0.000  0.000  0.000  0.940  0.000  0.000	10
  8:	0.001  0.092  0.002  0.002  0.001  0.001  0.002  0.000  0.000  0.896  0.003  0.000	10
  9:	0.000  0.000  0.001  0.001  0.018  0.000  0.001  0.000  0.000  0.979  0.001  0.000	10
 10:	0.000  0.000  0.000  0.000  0.015  0.000  0.000  0.000  0.000  0.984  0.000  0.000	10
 11:	0.000  0.007  0.002  0.003  0.088  0.018  0.003  0.000  0.001  0.872  0.004  0.000	10
 12:	0.000  0.000  0.003  0.002  0.000  0.098  0.002  0.000  0.003  0.890  0.002  0.000	10
 13:	0.000  0.000  0.001  0.001  0.000  0.000  0.001  0.000  0.136  0.859  0.001  0.000	10
 14:	0.000  0.000  0.001  0.001  0.000  0.000  0.001  0.069  0.000  0.927  0.001  0.000	10
 15:	0.000  0.000  0.001  0.001  0.000  0.000  0.001  0.073  0.000  0.924  0.001  0.000	10
 16:	0.096  0.001  0.001  0.001  0.000  0.000  0.001  0.000  0.000  0.899  0.001  0.000	10
 17:	0.003  0.005  0.001  0.002  0.000  0.111  0.001  0.000  0.000  0.875  0.002  0.000	10
 18:	0.000  0.000  0.002  0.001  0.000  0.000  0.001  0.163  0.000  0.831  0.002  0.000	10

  1:	0.000  0.001  0.001  0.000  0.004  0.000  0.974  0.006  0.001  0.004  0.002  0.007	10
  2:	0.000  0.000  0.002  0.000  0.054  0.000  0.017  0.008  0.000  0.908  0.000  0.010	8
  3:	0.000  0.000  0.001  0.000  0.000  0.000  0.001  0.003  0.000  0.013  0.980  0.003	10
  4:	0.000  0.000  0.001  0.000  0.000  0.000  0.036  0.008  0.000  0.894  0.048  0.013	10
  5:	0.184  0.000  0.809  0.000  0.000  0.000  0.000  0.003  0.000  0.001  0.000  0.003	10
  6:	0.000  0.000  0.001  0.000  0.000  0.000  0.001  0.003  0.000  0.028  0.964  0.002	10
  7:	0.000  0.000  0.000  0.000  0.000  0.000  0.994  0.001  0.000  0.004  0.000  0.001	10
  8:	0.000  0.000  0.002  0.000  0.082  0.000  0.062  0.008  0.002  0.831  0.003  0.008	10
  9:	0.000  0.000  0.001  0.000  0.000  0.000  0.992  0.001  0.000  0.004  0.000  0.001	10
 10:	0.000  0.000  0.001  0.000  0.000  0.000  0.995  0.000  0.000  0.002  0.000  0.000	10
 11:	0.000  0.003  0.002  0.000  0.003  0.000  0.003  0.007  0.122  0.853  0.003  0.004	10
 12:	0.000  0.161  0.001  0.001  0.000  0.000  0.001  0.003  0.000  0.830  0.000  0.002	10
 13:	0.000  0.000  0.002  0.160  0.000  0.000  0.002  0.005  0.000  0.826  0.000  0.004	10
 14:	0.000  0.000  0.892  0.000  0.000  0.102  0.000  0.002  0.000  0.000  0.000  0.002	10
 15:	0.000  0.000  0.887  0.000  0.000  0.107  0.000  0.002  0.000  0.001  0.000  0.002	10
 16:	0.000  0.000  0.000  0.000  0.000  0.000  0.004  0.013  0.000  0.959  0.004  0.019	10
 17:	0.000  0.003  0.001  0.000  0.101  0.000  0.002  0.003  0.001  0.886  0.000  0.003	10
 18:	0.188  0.000  0.802  0.000  0.000  0.000  0.000  0.005  0.000  0.000  0.000  0.003	10

