  1:	0.001  0.001  0.994  0.004	10
  2:	0.003  0.001  0.473  0.524	8
  3:	0.000  0.000  0.998  0.001	10
  4:	0.000  0.001  0.918  0.081	10
  5:	0.984  0.011  0.005  0.000	10
  6:	0.000  0.000  0.998  0.001	10
  7:	0.000  0.000  1.000  0.000	10
  8:	0.000  0.000  0.394  0.606	10
  9:	0.000  0.000  1.000  0.000	10
 10:	0.000  0.000  0.999  0.000	10
 11:	0.000  0.000  0.138  0.862	10
 12:	0.000  0.000  0.055  0.945	10
 13:	0.000  0.000  0.006  0.993	10
 14:	0.000  0.999  0.001  0.000	10
 15:	0.004  0.995  0.000  0.000	10
 16:	0.000  0.000  0.778  0.222	10
 17:	0.000  0.000  0.165  0.834	10
 18:	0.861  0.138  0.001  0.000	10

  1:	0.063  0.000  0.937  0.000	10
  2:	0.060  0.000  0.940  0.000	8
  3:	0.043  0.000  0.957  0.000	10
  4:	0.046  0.000  0.954  0.000	10
  5:	0.000  0.136  0.864  0.000	10
  6:	0.038  0.000  0.962  0.000	10
  7:	0.033  0.000  0.967  0.000	10
  8:	0.077  0.000  0.921  0.002	10
  9:	0.003  0.000  0.997  0.000	10
 10:	0.001  0.000  0.998  0.000	10
 11:	0.006  0.000  0.907  0.086	10
 12:	0.000  0.000  0.926  0.074	10
 13:	0.000  0.000  0.899  0.101	10
 14:	0.000  0.062  0.938  0.000	10
 15:	0.000  0.065  0.935  0.000	10
 16:	0.060  0.000  0.940  0.000	10
 17:	0.078  0.000  0.917  0.005	10
 18:	0.000  0.144  0.856  0.000	10

  1:	0.000  0.000  0.933  0.067	10
  2:	0.002  0.000  0.938  0.061	8
  3:	0.000  0.000  0.955  0.045	10
  4:	0.000  0.000  0.951  0.049	10
  5:	0.000  0.136  0.864  0.000	10
  6:	0.000  0.000  0.960  0.040	10
  7:	0.000  0.000  0.964  0.036	10
  8:	0.012  0.000  0.918  0.069	10
  9:	0.000  0.000  0.996  0.004	10
 10:	0.000  0.000  0.998  0.002	10
 11:	0.091  0.000  0.908  0.001	10
 12:	0.073  0.000  0.926  0.000	10
 13:	0.099  0.000  0.901  0.000	10
 14:	0.000  0.063  0.937  0.000	10
 15:	0.000  0.065  0.935  0.000	10
 16:	0.000  0.000  0.937  0.063	10
 17:	0.083  0.000  0.916  0.002	10
 18:	0.000  0.145  0.855  0.000	10

  1:	0.933  0.067  0.000  0.000	10
  2:	0.938  0.061  0.000  0.002	8
  3:	0.955  0.045  0.000  0.000	10
  4:	0.951  0.049  0.000  0.000	10
  5:	0.864  0.000  0.136  0.000	10
  6:	0.960  0.040  0.000  0.000	10
  7:	0.964  0.036  0.000  0.000	10
  8:	0.918  0.069  0.000  0.013	10
  9:	0.996  0.004  0.000  0.000	10
 10:	0.998  0.002  0.000  0.000	10
 11:	0.908  0.001  0.000  0.091	10
 12:	0.927  0.000  0.000  0.073	10
 13:	0.901  0.000  0.000  0.099	10
 14:	0.937  0.000  0.062  0.000	10
 15:	0.935  0.000  0.065  0.000	10
 16:	0.937  0.063  0.000  0.000	10
 17:	0.916  0.002  0.000  0.083	10
 18:	0.855  0.000  0.145  0.000	10

  1:	0.927  0.072  0.000  0.000	10
  2:	0.941  0.001  0.059  0.000	8
  3:	0.949  0.051  0.000  0.000	10
  4:	0.946  0.053  0.000  0.000	10
  5:	0.863  0.000  0.000  0.137	10
  6:	0.954  0.046  0.000  0.000	10
  7:	0.959  0.041  0.000  0.000	10
  8:	0.922  0.003  0.075  0.000	10
  9:	0.994  0.006  0.000  0.000	10
 10:	0.997  0.002  0.001  0.000	10
 11:	0.910  0.000  0.090  0.000	10
 12:	0.929  0.000  0.071  0.000	10
 13:	0.904  0.000  0.096  0.000	10
 14:	0.937  0.000  0.000  0.063	10
 15:	0.935  0.000  0.000  0.065	10
 16:	0.931  0.068  0.000  0.000	10
 17:	0.918  0.000  0.082  0.000	10
 18:	0.855  0.000  0.000  0.145	10

  1:	0.000  0.063  0.000  0.937	10
  2:	0.000  0.060  0.000  0.940	8
  3:	0.000  0.043  0.000  0.957	10
  4:	0.000  0.046  0.000  0.954	10
  5:	0.136  0.000  0.000  0.864	10
  6:	0.000  0.038  0.000  0.962	10
  7:	0.000  0.033  0.000  0.967	10
  8:	0.000  0.077  0.002  0.921	10
  9:	0.000  0.003  0.000  0.997	10
 10:	0.000  0.001  0.000  0.998	10
 11:	0.000  0.006  0.086  0.907	10
 12:	0.000  0.000  0.074  0.926	10
 13:	0.000  0.000  0.101  0.899	10
 14:	0.062  0.000  0.000  0.938	10
 15:	0.065  0.000  0.000  0.935	10
 16:	0.000  0.060  0.000  0.940	10
 17:	0.000  0.078  0.005  0.917	10
 18:	0.144  0.000  0.000  0.856	10

  1:	0.933  0.067  0.000  0.000	10
  2:	0.938  0.061  0.002  0.000	8
  3:	0.955  0.045  0.000  0.000	10
  4:	0.951  0.048  0.000  0.000	10
  5:	0.864  0.000  0.000  0.136	10
  6:	0.960  0.040  0.000  0.000	10
  7:	0.964  0.036  0.000  0.000	10
  8:	0.918  0.069  0.012  0.000	10
  9:	0.996  0.004  0.000  0.000	10
 10:	0.998  0.002  0.000  0.000	10
 11:	0.908  0.001  0.091  0.000	10
 12:	0.927  0.000  0.073  0.000	10
 13:	0.901  0.000  0.099  0.000	10
 14:	0.937  0.000  0.000  0.062	10
 15:	0.935  0.000  0.000  0.065	10
 16:	0.937  0.063  0.000  0.000	10
 17:	0.916  0.002  0.083  0.000	10
 18:	0.855  0.000  0.000  0.145	10

  1:	0.000  0.065  0.935  0.000	10
  2:	0.000  0.060  0.934  0.006	8
  3:	0.000  0.044  0.956  0.000	10
  4:	0.000  0.048  0.951  0.001	10
  5:	0.171  0.000  0.828  0.000	10
  6:	0.000  0.039  0.961  0.000	10
  7:	0.000  0.034  0.966  0.000	10
  8:	0.000  0.069  0.912  0.020	10
  9:	0.000  0.004  0.996  0.000	10
 10:	0.000  0.002  0.998  0.000	10
 11:	0.000  0.002  0.878  0.119	10
 12:	0.000  0.000  0.891  0.108	10
 13:	0.000  0.001  0.866  0.133	10
 14:	0.086  0.000  0.914  0.000	10
 15:	0.089  0.000  0.911  0.000	10
 16:	0.000  0.062  0.937  0.002	10
 17:	0.000  0.002  0.887  0.111	10
 18:	0.180  0.000  0.820  0.000	10

  1:	0.004  0.994  0.001  0.001	10
  2:	0.523  0.473  0.001  0.003	8
  3:	0.001  0.998  0.000  0.000	10
  4:	0.080  0.919  0.001  0.000	10
  5:	0.000  0.005  0.012  0.983	10
  6:	0.001  0.998  0.000  0.000	10
  7:	0.000  1.000  0.000  0.000	10
  8:	0.605  0.394  0.000  0.000	10
  9:	0.000  1.000  0.000  0.000	10
 10:	0.000  0.999  0.000  0.000	10
 11:	0.861  0.139  0.000  0.000	10
 12:	0.944  0.055  0.000  0.000	10
 13:	0.993  0.006  0.000  0.000	10
 14:	0.000  0.001  0.999  0.000	10
 15:	0.000  0.000  0.995  0.004	10
 16:	0.222  0.778  0.000  0.000	10
 17:	0.834  0.166  0.000  0.000	10
 18:	0.000  0.001  0.138  0.861	10

  1:	0.000  0.062  0.937  0.000	10
  2:	0.000  0.060  0.940  0.000	8
  3:	0.000  0.043  0.957  0.000	10
  4:	0.000  0.046  0.954  0.000	10
  5:	0.000  0.000  0.864  0.136	10
  6:	0.000  0.038  0.962  0.000	10
  7:	0.000  0.033  0.967  0.000	10
  8:	0.002  0.077  0.921  0.000	10
  9:	0.000  0.003  0.997  0.000	10
 10:	0.000  0.001  0.998  0.000	10
 11:	0.086  0.006  0.907  0.000	10
 12:	0.074  0.000  0.926  0.000	10
 13:	0.101  0.000  0.899  0.000	10
 14:	0.000  0.000  0.938  0.062	10
 15:	0.000  0.000  0.935  0.064	10
 16:	0.000  0.060  0.940  0.000	10
 17:	0.005  0.078  0.917  0.000	10
 18:	0.000  0.000  0.856  0.144	10

  1:	0.001  0.004  0.001  0.994	10
  2:	0.001  0.525  0.003  0.472	8
  3:	0.000  0.001  0.000  0.998	10
  4:	0.001  0.082  0.000  0.917	10
  5:	0.012  0.000  0.984  0.005	10
  6:	0.000  0.001  0.000  0.998	10
  7:	0.000  0.000  0.000  1.000	10
  8:	0.000  0.607  0.000  0.393	10
  9:	0.000  0.000  0.000  1.000	10
 10:	0.000  0.000  0.000  0.999	10
 11:	0.000  0.862  0.000  0.138	10
 12:	0.000  0.945  0.000  0.055	10
 13:	0.000  0.993  0.000  0.006	10
 14:	0.999  0.000  0.000  0.001	10
 15:	0.995  0.000  0.004  0.000	10
 16:	0.000  0.225  0.000  0.775	10
 17:	0.000  0.836  0.000  0.164	10
 18:	0.137  0.000  0.862  0.001	10

  1:	0.000  0.933  0.067  0.000	10
  2:	0.000  0.938  0.061  0.002	8
  3:	0.000  0.955  0.045  0.000	10
  4:	0.000  0.951  0.048  0.000	10
  5:	0.136  0.864  0.000  0.000	10
  6:	0.000  0.960  0.040  0.000	10
  7:	0.000  0.964  0.036  0.000	10
  8:	0.000  0.918  0.069  0.012	10
  9:	0.000  0.996  0.004  0.000	10
 10:	0.000  0.998  0.002  0.000	10
 11:	0.000  0.908  0.001  0.091	10
 12:	0.000  0.926  0.000  0.073	10
 13:	0.000  0.901  0.000  0.099	10
 14:	0.063  0.937  0.000  0.000	10
 15:	0.065  0.935  0.000  0.000	10
 16:	0.000  0.937  0.063  0.000	10
 17:	0.000  0.916  0.002  0.083	10
 18:	0.145  0.855  0.000  0.000	10

  1:	0.014  0.013  0.001  0.972	10
  2:	0.022  0.555  0.000  0.423	8
  3:	0.013  0.005  0.000  0.982	10
  4:	0.014  0.172  0.000  0.814	10
  5:	0.010  0.000  0.989  0.001	10
  6:	0.009  0.011  0.000  0.979	10
  7:	0.002  0.001  0.000  0.997	10
  8:	0.038  0.516  0.000  0.445	10
  9:	0.002  0.001  0.000  0.997	10
 10:	0.001  0.001  0.000  0.998	10
 11:	0.030  0.922  0.000  0.048	10
 12:	0.009  0.988  0.000  0.002	10
 13:	0.039  0.956  0.000  0.004	10
 14:	0.003  0.001  0.729  0.267	10
 15:	0.002  0.001  0.756  0.241	10
 16:	0.010  0.611  0.000  0.379	10
 17:	0.015  0.952  0.000  0.032	10
 18:	0.013  0.000  0.986  0.001	10

  1:	0.013  0.015  0.001  0.971	10
  2:	0.550  0.022  0.000  0.427	8
  3:	0.005  0.014  0.000  0.981	10
  4:	0.175  0.014  0.000  0.811	10
  5:	0.000  0.009  0.989  0.001	10
  6:	0.011  0.010  0.000  0.979	10
  7:	0.001  0.002  0.000  0.997	10
  8:	0.513  0.039  0.000  0.448	10
  9:	0.001  0.002  0.000  0.997	10
 10:	0.001  0.001  0.000  0.998	10
 11:	0.919  0.030  0.000  0.051	10
 12:	0.988  0.010  0.000  0.002	10
 13:	0.954  0.040  0.000  0.006	10
 14:	0.001  0.003  0.710  0.286	10
 15:	0.001  0.002  0.736  0.261	10
 16:	0.617  0.010  0.000  0.373	10
 17:	0.952  0.016  0.000  0.032	10
 18:	0.000  0.012  0.987  0.001	10

  1:	0.933  0.067  0.000  0.000	10
  2:	0.938  0.061  0.000  0.002	8
  3:	0.955  0.045  0.000  0.000	10
  4:	0.951  0.049  0.000  0.000	10
  5:	0.864  0.000  0.136  0.000	10
  6:	0.960  0.040  0.000  0.000	10
  7:	0.964  0.036  0.000  0.000	10
  8:	0.918  0.069  0.000  0.012	10
  9:	0.996  0.004  0.000  0.000	10
 10:	0.998  0.002  0.000  0.000	10
 11:	0.908  0.001  0.000  0.091	10
 12:	0.927  0.000  0.000  0.073	10
 13:	0.901  0.000  0.000  0.099	10
 14:	0.937  0.000  0.062  0.000	10
 15:	0.935  0.000  0.065  0.000	10
 16:	0.937  0.063  0.000  0.000	10
 17:	0.916  0.002  0.000  0.083	10
 18:	0.855  0.000  0.145  0.000	10

  1:	0.004  0.001  0.994  0.001	10
  2:	0.527  0.003  0.470  0.001	8
  3:	0.001  0.000  0.998  0.001	10
  4:	0.082  0.000  0.917  0.001	10
  5:	0.000  0.983  0.005  0.012	10
  6:	0.001  0.000  0.998  0.000	10
  7:	0.000  0.000  1.000  0.000	10
  8:	0.609  0.000  0.391  0.000	10
  9:	0.000  0.000  1.000  0.000	10
 10:	0.000  0.000  0.999  0.000	10
 11:	0.865  0.000  0.135  0.000	10
 12:	0.950  0.000  0.050  0.000	10
 13:	0.994  0.000  0.005  0.000	10
 14:	0.000  0.000  0.001  0.999	10
 15:	0.000  0.004  0.000  0.995	10
 16:	0.225  0.000  0.775  0.000	10
 17:	0.839  0.000  0.161  0.000	10
 18:	0.000  0.861  0.001  0.138	10

  1:	0.014  0.973  0.001  0.013	10
  2:	0.022  0.412  0.000  0.567	8
  3:	0.013  0.982  0.000  0.005	10
  4:	0.014  0.812  0.000  0.175	10
  5:	0.010  0.001  0.989  0.000	10
  6:	0.009  0.980  0.000  0.011	10
  7:	0.002  0.997  0.000  0.001	10
  8:	0.038  0.436  0.000  0.526	10
  9:	0.002  0.997  0.000  0.001	10
 10:	0.001  0.998  0.000  0.001	10
 11:	0.030  0.044  0.000  0.925	10
 12:	0.010  0.002  0.000  0.988	10
 13:	0.040  0.004  0.000  0.955	10
 14:	0.003  0.260  0.736  0.001	10
 15:	0.002  0.233  0.765  0.001	10
 16:	0.010  0.369  0.000  0.621	10
 17:	0.016  0.031  0.000  0.953	10
 18:	0.013  0.001  0.986  0.000	10

  1:	0.001  0.001  0.994  0.004	10
  2:	0.003  0.000  0.472  0.525	8
  3:	0.000  0.000  0.998  0.001	10
  4:	0.000  0.001  0.917  0.082	10
  5:	0.984  0.011  0.005  0.000	10
  6:	0.000  0.000  0.998  0.001	10
  7:	0.000  0.000  1.000  0.000	10
  8:	0.000  0.000  0.393  0.606	10
  9:	0.000  0.000  1.000  0.000	10
 10:	0.000  0.000  0.999  0.000	10
 11:	0.000  0.000  0.137  0.863	10
 12:	0.000  0.000  0.055  0.945	10
 13:	0.000  0.000  0.006  0.993	10
 14:	0.000  0.999  0.001  0.000	10
 15:	0.004  0.995  0.000  0.000	10
 16:	0.000  0.000  0.776  0.223	10
 17:	0.000  0.000  0.165  0.834	10
 18:	0.861  0.138  0.001  0.000	10

  1:	0.000  0.927  0.000  0.072	10
  2:	0.000  0.941  0.059  0.001	8
  3:	0.000  0.949  0.000  0.051	10
  4:	0.000  0.946  0.000  0.053	10
  5:	0.137  0.863  0.000  0.000	10
  6:	0.000  0.954  0.000  0.046	10
  7:	0.000  0.959  0.000  0.041	10
  8:	0.000  0.922  0.075  0.002	10
  9:	0.000  0.994  0.000  0.006	10
 10:	0.000  0.998  0.001  0.002	10
 11:	0.000  0.910  0.090  0.000	10
 12:	0.000  0.929  0.071  0.000	10
 13:	0.000  0.904  0.096  0.000	10
 14:	0.063  0.937  0.000  0.000	10
 15:	0.065  0.935  0.000  0.000	10
 16:	0.000  0.931  0.000  0.068	10
 17:	0.000  0.918  0.082  0.000	10
 18:	0.145  0.855  0.000  0.000	10

  1:	0.000  0.000  0.936  0.063	10
  2:	0.054  0.000  0.946  0.000	8
  3:	0.000  0.000  0.957  0.043	10
  4:	0.041  0.000  0.959  0.000	10
  5:	0.000  0.134  0.866  0.000	10
  6:	0.000  0.000  0.962  0.038	10
  7:	0.000  0.000  0.968  0.032	10
  8:	0.071  0.000  0.929  0.000	10
  9:	0.002  0.000  0.997  0.000	10
 10:	0.001  0.000  0.999  0.000	10
 11:	0.081  0.000  0.917  0.002	10
 12:	0.006  0.000  0.930  0.064	10
 13:	0.088  0.000  0.912  0.000	10
 14:	0.000  0.062  0.938  0.000	10
 15:	0.000  0.064  0.936  0.000	10
 16:	0.054  0.000  0.946  0.000	10
 17:	0.013  0.000  0.919  0.068	10
 18:	0.000  0.143  0.857  0.000	10

