  1:	0.000  0.000  0.000  0.074  0.926	10
  2:	0.002  0.000  0.000  0.067  0.931	8
  3:	0.000  0.000  0.000  0.050  0.950	10
  4:	0.000  0.000  0.000  0.054  0.946	10
  5:	0.000  0.151  0.000  0.000  0.849	10
  6:	0.000  0.000  0.000  0.044  0.955	10
  7:	0.000  0.000  0.000  0.040  0.960	10
  8:	0.015  0.000  0.000  0.075  0.910	10
  9:	0.000  0.000  0.000  0.005  0.995	10
 10:	0.000  0.000  0.000  0.002  0.998	10
 11:	0.100  0.000  0.000  0.001  0.898	10
 12:	0.081  0.000  0.000  0.000  0.919	10
 13:	0.109  0.000  0.000  0.000  0.891	10
 14:	0.000  0.000  0.103  0.000  0.897	10
 15:	0.000  0.000  0.106  0.000  0.894	10
 16:	0.000  0.000  0.000  0.069  0.931	10
 17:	0.091  0.000  0.000  0.002  0.907	10
 18:	0.000  0.158  0.001  0.000  0.841	10

  1:	0.073  0.000  0.927  0.000  0.000	10
  2:	0.068  0.001  0.931  0.000  0.000	8
  3:	0.000  0.000  0.952  0.000  0.048	10
  4:	0.054  0.000  0.946  0.000  0.000	10
  5:	0.000  0.000  0.858  0.142  0.000	10
  6:	0.000  0.000  0.957  0.000  0.042	10
  7:	0.041  0.000  0.959  0.000  0.000	10
  8:	0.078  0.012  0.910  0.000  0.000	10
  9:	0.007  0.000  0.993  0.000  0.000	10
 10:	0.002  0.000  0.997  0.000  0.000	10
 11:	0.002  0.100  0.898  0.000  0.000	10
 12:	0.000  0.081  0.918  0.000  0.001	10
 13:	0.000  0.001  0.896  0.000  0.103	10
 14:	0.000  0.000  0.935  0.065  0.000	10
 15:	0.000  0.000  0.932  0.067  0.000	10
 16:	0.069  0.000  0.930  0.000  0.000	10
 17:	0.002  0.092  0.906  0.000  0.000	10
 18:	0.000  0.000  0.849  0.151  0.000	10

  1:	0.002  0.000  0.000  0.067  0.931	10
  2:	0.063  0.000  0.000  0.000  0.936	8
  3:	0.046  0.000  0.000  0.000  0.954	10
  4:	0.048  0.000  0.000  0.000  0.952	10
  5:	0.000  0.148  0.000  0.000  0.851	10
  6:	0.040  0.000  0.000  0.000  0.959	10
  7:	0.000  0.000  0.000  0.039  0.960	10
  8:	0.082  0.000  0.001  0.000  0.917	10
  9:	0.003  0.000  0.000  0.000  0.997	10
 10:	0.001  0.000  0.000  0.000  0.998	10
 11:	0.009  0.000  0.090  0.000  0.901	10
 12:	0.000  0.000  0.079  0.000  0.921	10
 13:	0.000  0.000  0.108  0.000  0.892	10
 14:	0.000  0.000  0.000  0.078  0.922	10
 15:	0.000  0.001  0.000  0.081  0.919	10
 16:	0.063  0.000  0.000  0.000  0.936	10
 17:	0.085  0.000  0.002  0.000  0.912	10
 18:	0.000  0.156  0.000  0.000  0.844	10

  1:	0.895  0.000  0.105  0.000  0.000	10
  2:	0.933  0.066  0.000  0.000  0.000	8
  3:	0.934  0.000  0.066  0.000  0.000	10
  4:	0.948  0.000  0.000  0.051  0.000	10
  5:	0.857  0.000  0.000  0.000  0.143	10
  6:	0.940  0.000  0.060  0.000  0.000	10
  7:	0.941  0.000  0.059  0.000  0.000	10
  8:	0.913  0.086  0.001  0.000  0.000	10
  9:	0.980  0.000  0.020  0.000  0.000	10
 10:	0.985  0.000  0.015  0.000  0.000	10
 11:	0.901  0.099  0.000  0.001  0.000	10
 12:	0.921  0.078  0.000  0.000  0.000	10
 13:	0.896  0.001  0.000  0.103  0.000	10
 14:	0.934  0.000  0.000  0.000  0.066	10
 15:	0.932  0.000  0.000  0.000  0.068	10
 16:	0.934  0.001  0.000  0.066  0.000	10
 17:	0.909  0.091  0.000  0.000  0.000	10
 18:	0.848  0.000  0.000  0.000  0.152	10

  1:	0.074  0.000  0.926  0.000  0.000	10
  2:	0.066  0.002  0.931  0.000  0.000	8
  3:	0.050  0.000  0.950  0.000  0.000	10
  4:	0.054  0.000  0.946  0.000  0.000	10
  5:	0.000  0.000  0.849  0.000  0.151	10
  6:	0.044  0.000  0.955  0.000  0.000	10
  7:	0.040  0.000  0.960  0.000  0.000	10
  8:	0.074  0.015  0.910  0.000  0.000	10
  9:	0.005  0.000  0.995  0.000  0.000	10
 10:	0.002  0.000  0.998  0.000  0.000	10
 11:	0.001  0.100  0.899  0.000  0.000	10
 12:	0.000  0.081  0.919  0.000  0.000	10
 13:	0.000  0.109  0.891  0.000  0.000	10
 14:	0.000  0.000  0.899  0.101  0.000	10
 15:	0.000  0.000  0.896  0.104  0.001	10
 16:	0.069  0.000  0.931  0.000  0.000	10
 17:	0.002  0.091  0.907  0.000  0.000	10
 18:	0.000  0.000  0.840  0.001  0.158	10

  1:	0.970  0.000  0.001  0.023  0.006	10
  2:	0.099  0.000  0.000  0.846  0.054	8
  3:	0.001  0.000  0.000  0.995  0.004	10
  4:	0.092  0.000  0.000  0.900  0.008	10
  5:	0.002  0.962  0.014  0.023  0.000	10
  6:	0.001  0.000  0.000  0.995  0.003	10
  7:	0.997  0.000  0.000  0.003  0.000	10
  8:	0.181  0.000  0.000  0.740  0.078	10
  9:	0.998  0.000  0.000  0.001  0.000	10
 10:	0.998  0.000  0.000  0.001  0.000	10
 11:	0.016  0.000  0.000  0.879  0.105	10
 12:	0.001  0.000  0.000  0.919  0.080	10
 13:	0.003  0.000  0.000  0.874  0.123	10
 14:	0.001  0.000  0.998  0.001  0.000	10
 15:	0.000  0.005  0.994  0.001  0.000	10
 16:	0.022  0.000  0.000  0.966  0.012	10
 17:	0.008  0.000  0.000  0.902  0.090	10
 18:	0.001  0.841  0.157  0.001  0.000	10

  1:	0.000  0.072  0.000  0.927  0.000	10
  2:	0.000  0.059  0.005  0.936  0.001	8
  3:	0.000  0.046  0.000  0.953  0.000	10
  4:	0.000  0.000  0.047  0.952  0.000	10
  5:	0.140  0.000  0.000  0.859  0.000	10
  6:	0.000  0.041  0.000  0.959  0.000	10
  7:	0.000  0.037  0.000  0.963  0.000	10
  8:	0.000  0.071  0.013  0.916  0.000	10
  9:	0.000  0.005  0.000  0.994  0.000	10
 10:	0.000  0.001  0.000  0.998  0.000	10
 11:	0.000  0.000  0.095  0.904  0.001	10
 12:	0.000  0.000  0.075  0.924  0.001	10
 13:	0.000  0.000  0.000  0.899  0.100	10
 14:	0.065  0.000  0.000  0.935  0.000	10
 15:	0.067  0.000  0.000  0.933  0.000	10
 16:	0.000  0.001  0.001  0.938  0.061	10
 17:	0.000  0.000  0.088  0.912  0.000	10
 18:	0.149  0.000  0.000  0.851  0.000	10

  1:	0.945  0.000  0.054  0.000  0.000	10
  2:	0.938  0.054  0.008  0.000  0.000	8
  3:	0.962  0.000  0.038  0.000  0.000	10
  4:	0.953  0.043  0.003  0.000  0.000	10
  5:	0.260  0.000  0.005  0.000  0.735	10
  6:	0.967  0.000  0.033  0.000  0.000	10
  7:	0.978  0.000  0.022  0.000  0.000	10
  8:	0.919  0.071  0.009  0.001  0.000	10
  9:	0.992  0.000  0.007  0.000  0.000	10
 10:	0.995  0.000  0.005  0.000  0.000	10
 11:	0.907  0.014  0.008  0.071  0.000	10
 12:	0.926  0.000  0.006  0.067  0.000	10
 13:	0.898  0.000  0.006  0.096  0.000	10
 14:	0.626  0.000  0.003  0.000  0.371	10
 15:	0.608  0.000  0.002  0.000  0.391	10
 16:	0.938  0.059  0.003  0.000  0.000	10
 17:	0.911  0.084  0.003  0.001  0.000	10
 18:	0.248  0.000  0.006  0.000  0.746	10

  1:	0.926  0.000  0.000  0.000  0.074	10
  2:	0.931  0.000  0.000  0.002  0.066	8
  3:	0.950  0.000  0.000  0.000  0.050	10
  4:	0.946  0.000  0.000  0.000  0.054	10
  5:	0.849  0.151  0.000  0.000  0.000	10
  6:	0.956  0.000  0.000  0.000  0.044	10
  7:	0.960  0.000  0.000  0.000  0.040	10
  8:	0.910  0.000  0.000  0.015  0.075	10
  9:	0.995  0.000  0.000  0.000  0.005	10
 10:	0.998  0.000  0.000  0.000  0.002	10
 11:	0.898  0.000  0.000  0.100  0.001	10
 12:	0.919  0.000  0.000  0.081  0.000	10
 13:	0.891  0.000  0.000  0.109  0.000	10
 14:	0.897  0.000  0.102  0.000  0.000	10
 15:	0.894  0.000  0.106  0.000  0.000	10
 16:	0.931  0.000  0.000  0.000  0.069	10
 17:	0.907  0.000  0.000  0.091  0.002	10
 18:	0.841  0.158  0.001  0.000  0.000	10

  1:	0.000  0.011  0.976  0.012  0.001	10
  2:	0.000  0.023  0.340  0.637  0.000	8
  3:	0.000  0.013  0.983  0.004  0.000	10
  4:	0.000  0.015  0.802  0.183  0.000	10
  5:	0.973  0.006  0.006  0.000  0.015	10
  6:	0.000  0.008  0.981  0.010  0.000	10
  7:	0.000  0.002  0.997  0.001  0.000	10
  8:	0.000  0.043  0.383  0.574  0.000	10
  9:	0.000  0.002  0.997  0.001  0.000	10
 10:	0.000  0.001  0.998  0.001  0.000	10
 11:	0.000  0.037  0.027  0.936  0.000	10
 12:	0.000  0.012  0.001  0.987  0.000	10
 13:	0.000  0.052  0.002  0.946  0.000	10
 14:	0.001  0.004  0.001  0.000  0.993	10
 15:	0.002  0.004  0.001  0.000  0.993	10
 16:	0.000  0.011  0.345  0.644  0.000	10
 17:	0.000  0.019  0.024  0.956  0.000	10
 18:	0.835  0.009  0.001  0.000  0.155	10

  1:	0.000  0.932  0.068  0.000  0.000	10
  2:	0.000  0.934  0.066  0.000  0.000	8
  3:	0.000  0.952  0.000  0.047  0.000	10
  4:	0.000  0.950  0.050  0.000  0.000	10
  5:	0.148  0.852  0.000  0.000  0.000	10
  6:	0.000  0.958  0.001  0.041  0.000	10
  7:	0.000  0.963  0.037  0.000  0.000	10
  8:	0.000  0.914  0.084  0.000  0.002	10
  9:	0.000  0.996  0.004  0.000  0.000	10
 10:	0.000  0.998  0.002  0.000  0.000	10
 11:	0.000  0.901  0.010  0.000  0.089	10
 12:	0.000  0.921  0.000  0.000  0.079	10
 13:	0.000  0.892  0.000  0.000  0.108	10
 14:	0.000  0.926  0.000  0.074  0.000	10
 15:	0.001  0.924  0.000  0.076  0.000	10
 16:	0.000  0.934  0.066  0.000  0.000	10
 17:	0.000  0.910  0.088  0.000  0.002	10
 18:	0.156  0.844  0.000  0.000  0.000	10

  1:	0.891  0.000  0.000  0.108  0.000	10
  2:	0.930  0.000  0.070  0.000  0.000	8
  3:	0.932  0.000  0.000  0.068  0.000	10
  4:	0.946  0.000  0.054  0.000  0.000	10
  5:	0.853  0.147  0.000  0.000  0.000	10
  6:	0.938  0.000  0.000  0.062  0.000	10
  7:	0.939  0.000  0.000  0.061  0.000	10
  8:	0.910  0.000  0.089  0.000  0.001	10
  9:	0.979  0.000  0.000  0.021  0.000	10
 10:	0.984  0.000  0.000  0.016  0.000	10
 11:	0.895  0.000  0.015  0.000  0.090	10
 12:	0.916  0.000  0.000  0.000  0.084	10
 13:	0.887  0.000  0.000  0.000  0.113	10
 14:	0.933  0.067  0.000  0.000  0.000	10
 15:	0.930  0.070  0.000  0.000  0.000	10
 16:	0.930  0.000  0.070  0.000  0.000	10
 17:	0.905  0.000  0.093  0.000  0.001	10
 18:	0.844  0.156  0.000  0.000  0.000	10

  1:	0.932  0.000  0.000  0.068  0.000	10
  2:	0.933  0.000  0.000  0.066  0.000	8
  3:	0.952  0.048  0.000  0.000  0.000	10
  4:	0.949  0.000  0.000  0.050  0.000	10
  5:	0.850  0.000  0.000  0.000  0.150	10
  6:	0.958  0.042  0.000  0.000  0.000	10
  7:	0.964  0.000  0.000  0.036  0.000	10
  8:	0.913  0.000  0.000  0.086  0.000	10
  9:	0.996  0.000  0.000  0.004  0.000	10
 10:	0.998  0.000  0.000  0.001  0.000	10
 11:	0.900  0.015  0.000  0.085  0.000	10
 12:	0.921  0.078  0.000  0.001  0.000	10
 13:	0.892  0.108  0.000  0.000  0.000	10
 14:	0.898  0.000  0.102  0.000  0.000	10
 15:	0.895  0.000  0.105  0.000  0.000	10
 16:	0.934  0.000  0.000  0.066  0.000	10
 17:	0.909  0.000  0.000  0.091  0.000	10
 18:	0.841  0.000  0.001  0.000  0.158	10

  1:	0.000  0.016  0.960  0.010  0.014	10
  2:	0.000  0.029  0.143  0.074  0.754	8
  3:	0.000  0.006  0.002  0.001  0.990	10
  4:	0.000  0.009  0.136  0.010  0.845	10
  5:	0.987  0.012  0.001  0.000  0.000	10
  6:	0.000  0.005  0.004  0.001  0.990	10
  7:	0.000  0.002  0.995  0.001  0.002	10
  8:	0.000  0.050  0.222  0.145  0.583	10
  9:	0.000  0.002  0.996  0.001  0.001	10
 10:	0.000  0.001  0.997  0.001  0.001	10
 11:	0.000  0.026  0.037  0.809  0.128	10
 12:	0.000  0.010  0.003  0.981  0.006	10
 13:	0.000  0.019  0.004  0.972  0.004	10
 14:	0.756  0.004  0.239  0.000  0.001	10
 15:	0.783  0.002  0.213  0.000  0.002	10
 16:	0.000  0.011  0.029  0.006  0.954	10
 17:	0.000  0.015  0.014  0.706  0.266	10
 18:	0.983  0.016  0.000  0.000  0.000	10

  1:	0.000  0.000  0.069  0.000  0.931	10
  2:	0.000  0.000  0.066  0.000  0.934	8
  3:	0.000  0.000  0.048  0.000  0.952	10
  4:	0.000  0.000  0.051  0.000  0.949	10
  5:	0.000  0.151  0.000  0.000  0.849	10
  6:	0.000  0.000  0.042  0.000  0.957	10
  7:	0.000  0.000  0.037  0.000  0.963	10
  8:	0.000  0.000  0.084  0.002  0.913	10
  9:	0.000  0.000  0.004  0.000  0.996	10
 10:	0.000  0.000  0.002  0.000  0.998	10
 11:	0.000  0.000  0.007  0.095  0.898	10
 12:	0.000  0.000  0.000  0.081  0.918	10
 13:	0.000  0.000  0.000  0.111  0.889	10
 14:	0.100  0.000  0.000  0.000  0.900	10
 15:	0.103  0.001  0.000  0.000  0.897	10
 16:	0.000  0.000  0.066  0.000  0.933	10
 17:	0.000  0.000  0.084  0.007  0.909	10
 18:	0.001  0.158  0.000  0.000  0.841	10

  1:	0.001  0.032  0.966  0.001  0.000	10
  2:	0.002  0.012  0.907  0.079  0.000	8
  3:	0.000  0.026  0.973  0.000  0.000	10
  4:	0.000  0.005  0.930  0.064  0.000	10
  5:	0.000  0.007  0.014  0.000  0.978	10
  6:	0.000  0.021  0.978  0.000  0.000	10
  7:	0.000  0.006  0.993  0.000  0.000	10
  8:	0.005  0.014  0.888  0.093  0.000	10
  9:	0.000  0.002  0.998  0.000  0.000	10
 10:	0.000  0.001  0.998  0.000  0.000	10
 11:	0.130  0.012  0.838  0.020  0.000	10
 12:	0.144  0.007  0.848  0.000  0.000	10
 13:	0.177  0.008  0.815  0.000  0.000	10
 14:	0.000  0.004  0.492  0.000  0.504	10
 15:	0.000  0.002  0.466  0.000  0.531	10
 16:	0.000  0.005  0.903  0.092  0.000	10
 17:	0.014  0.005  0.856  0.125  0.000	10
 18:	0.000  0.009  0.002  0.000  0.988	10

  1:	0.004  0.000  0.954  0.042  0.000	10
  2:	0.014  0.000  0.942  0.000  0.045	8
  3:	0.003  0.000  0.958  0.038  0.000	10
  4:	0.006  0.000  0.960  0.032  0.002	10
  5:	0.007  0.968  0.025  0.000  0.000	10
  6:	0.003  0.000  0.963  0.033  0.000	10
  7:	0.009  0.000  0.991  0.000  0.000	10
  8:	0.015  0.000  0.923  0.001  0.062	10
  9:	0.002  0.000  0.998  0.000  0.000	10
 10:	0.001  0.000  0.998  0.000  0.000	10
 11:	0.011  0.000  0.905  0.000  0.084	10
 12:	0.008  0.000  0.924  0.000  0.068	10
 13:	0.008  0.000  0.904  0.086  0.001	10
 14:	0.004  0.478  0.518  0.000  0.000	10
 15:	0.003  0.505  0.493  0.000  0.000	10
 16:	0.019  0.000  0.947  0.000  0.034	10
 17:	0.004  0.000  0.912  0.000  0.084	10
 18:	0.009  0.987  0.004  0.000  0.000	10

  1:	0.000  0.000  0.932  0.000  0.068	10
  2:	0.000  0.000  0.935  0.000  0.064	8
  3:	0.054  0.000  0.946  0.000  0.000	10
  4:	0.055  0.000  0.944  0.000  0.000	10
  5:	0.000  0.142  0.858  0.000  0.000	10
  6:	0.049  0.000  0.951  0.000  0.000	10
  7:	0.000  0.000  0.963  0.000  0.037	10
  8:	0.000  0.000  0.916  0.001  0.083	10
  9:	0.000  0.000  0.995  0.000  0.005	10
 10:	0.000  0.000  0.998  0.000  0.002	10
 11:	0.000  0.000  0.901  0.089  0.010	10
 12:	0.000  0.000  0.921  0.079  0.000	10
 13:	0.000  0.000  0.892  0.108  0.000	10
 14:	0.000  0.065  0.935  0.000  0.000	10
 15:	0.000  0.068  0.932  0.000  0.000	10
 16:	0.072  0.000  0.927  0.000  0.001	10
 17:	0.000  0.000  0.912  0.001  0.087	10
 18:	0.000  0.151  0.849  0.000  0.000	10

  1:	0.000  0.000  0.000  0.067  0.932	10
  2:	0.000  0.000  0.000  0.066  0.934	8
  3:	0.000  0.000  0.048  0.000  0.952	10
  4:	0.000  0.000  0.000  0.050  0.950	10
  5:	0.150  0.000  0.000  0.000  0.850	10
  6:	0.000  0.000  0.042  0.000  0.958	10
  7:	0.000  0.000  0.000  0.036  0.964	10
  8:	0.000  0.000  0.000  0.086  0.914	10
  9:	0.000  0.000  0.000  0.004  0.996	10
 10:	0.000  0.000  0.000  0.001  0.998	10
 11:	0.000  0.000  0.015  0.084  0.901	10
 12:	0.000  0.000  0.079  0.000  0.921	10
 13:	0.000  0.000  0.108  0.000  0.892	10
 14:	0.000  0.101  0.000  0.000  0.898	10
 15:	0.000  0.104  0.000  0.000  0.895	10
 16:	0.000  0.000  0.000  0.066  0.934	10
 17:	0.000  0.000  0.000  0.090  0.909	10
 18:	0.157  0.001  0.000  0.000  0.842	10

  1:	0.000  0.000  0.079  0.000  0.920	10
  2:	0.000  0.001  0.069  0.001  0.929	8
  3:	0.000  0.000  0.000  0.056  0.944	10
  4:	0.000  0.000  0.001  0.057  0.942	10
  5:	0.143  0.000  0.000  0.000  0.857	10
  6:	0.000  0.000  0.000  0.051  0.949	10
  7:	0.000  0.000  0.045  0.000  0.955	10
  8:	0.000  0.010  0.082  0.000  0.908	10
  9:	0.000  0.000  0.013  0.000  0.987	10
 10:	0.000  0.000  0.008  0.000  0.992	10
 11:	0.000  0.099  0.001  0.000  0.899	10
 12:	0.000  0.080  0.000  0.000  0.919	10
 13:	0.000  0.108  0.000  0.000  0.892	10
 14:	0.066  0.000  0.000  0.000  0.934	10
 15:	0.068  0.000  0.000  0.000  0.932	10
 16:	0.000  0.000  0.001  0.075  0.924	10
 17:	0.000  0.091  0.001  0.001  0.908	10
 18:	0.152  0.000  0.000  0.000  0.848	10

