  1:	0.000  0.000  0.886  0.114  0.000  0.000	10
  2:	0.000  0.071  0.929  0.000  0.000  0.000	8
  3:	0.000  0.000  0.929  0.071  0.000  0.000	10
  4:	0.000  0.054  0.946  0.001  0.000  0.000	10
  5:	0.000  0.000  0.843  0.000  0.157  0.000	10
  6:	0.000  0.000  0.935  0.064  0.000  0.000	10
  7:	0.000  0.000  0.937  0.063  0.000  0.000	10
  8:	0.000  0.092  0.907  0.001  0.000  0.000	10
  9:	0.000  0.000  0.979  0.021  0.000  0.000	10
 10:	0.000  0.000  0.984  0.016  0.000  0.000	10
 11:	0.001  0.105  0.894  0.000  0.000  0.000	10
 12:	0.001  0.083  0.916  0.000  0.000  0.000	10
 13:	0.114  0.000  0.886  0.000  0.000  0.000	10
 14:	0.000  0.000  0.893  0.000  0.000  0.107	10
 15:	0.000  0.000  0.889  0.000  0.001  0.110	10
 16:	0.070  0.002  0.928  0.000  0.000  0.000	10
 17:	0.000  0.097  0.903  0.000  0.000  0.000	10
 18:	0.000  0.000  0.835  0.000  0.164  0.001	10

  1:	0.000  0.001  0.000  0.925  0.071  0.003	10
  2:	0.000  0.049  0.000  0.939  0.001  0.011	8
  3:	0.000  0.000  0.000  0.948  0.048  0.004	10
  4:	0.001  0.001  0.000  0.946  0.048  0.005	10
  5:	0.000  0.000  0.132  0.864  0.000  0.004	10
  6:	0.000  0.000  0.000  0.953  0.044  0.003	10
  7:	0.000  0.000  0.000  0.958  0.041  0.001	10
  8:	0.000  0.069  0.000  0.919  0.002  0.010	10
  9:	0.000  0.000  0.000  0.996  0.001  0.003	10
 10:	0.000  0.000  0.000  0.998  0.000  0.002	10
 11:	0.014  0.072  0.000  0.904  0.000  0.009	10
 12:	0.079  0.000  0.000  0.914  0.000  0.006	10
 13:	0.112  0.000  0.000  0.881  0.000  0.007	10
 14:	0.000  0.000  0.058  0.938  0.000  0.004	10
 15:	0.000  0.000  0.062  0.935  0.000  0.002	10
 16:	0.000  0.003  0.000  0.931  0.060  0.006	10
 17:	0.001  0.082  0.000  0.913  0.000  0.004	10
 18:	0.000  0.000  0.139  0.855  0.000  0.005	10

  1:	0.000  0.000  0.882  0.117  0.000  0.000	10
  2:	0.000  0.075  0.925  0.000  0.000  0.000	8
  3:	0.000  0.000  0.927  0.073  0.000  0.000	10
  4:	0.000  0.058  0.942  0.000  0.000  0.000	10
  5:	0.000  0.000  0.842  0.000  0.158  0.000	10
  6:	0.000  0.000  0.934  0.066  0.000  0.000	10
  7:	0.000  0.000  0.934  0.065  0.000  0.000	10
  8:	0.001  0.096  0.903  0.000  0.000  0.000	10
  9:	0.000  0.000  0.977  0.023  0.000  0.000	10
 10:	0.000  0.000  0.983  0.017  0.000  0.000	10
 11:	0.095  0.017  0.888  0.000  0.000  0.000	10
 12:	0.090  0.000  0.910  0.000  0.000  0.000	10
 13:	0.121  0.000  0.878  0.000  0.000  0.000	10
 14:	0.000  0.000  0.893  0.000  0.000  0.107	10
 15:	0.000  0.000  0.889  0.000  0.001  0.110	10
 16:	0.000  0.075  0.925  0.000  0.000  0.000	10
 17:	0.001  0.100  0.898  0.000  0.000  0.000	10
 18:	0.000  0.000  0.833  0.000  0.165  0.001	10

  1:	0.000  0.000  0.002  0.922  0.075  0.000	10
  2:	0.048  0.000  0.013  0.937  0.002  0.000	8
  3:	0.000  0.000  0.003  0.946  0.051  0.000	10
  4:	0.001  0.000  0.005  0.944  0.050  0.000	10
  5:	0.000  0.133  0.004  0.862  0.000  0.000	10
  6:	0.000  0.000  0.003  0.951  0.046  0.000	10
  7:	0.000  0.000  0.000  0.956  0.044  0.000	10
  8:	0.066  0.000  0.013  0.916  0.004  0.000	10
  9:	0.000  0.000  0.003  0.996  0.001  0.000	10
 10:	0.000  0.000  0.002  0.998  0.000  0.000	10
 11:	0.087  0.000  0.010  0.902  0.000  0.001	10
 12:	0.069  0.000  0.003  0.921  0.000  0.007	10
 13:	0.000  0.000  0.001  0.879  0.000  0.120	10
 14:	0.000  0.059  0.004  0.937  0.000  0.000	10
 15:	0.000  0.063  0.002  0.935  0.000  0.000	10
 16:	0.002  0.000  0.006  0.928  0.064  0.000	10
 17:	0.087  0.000  0.004  0.909  0.000  0.000	10
 18:	0.000  0.141  0.005  0.854  0.000  0.000	10

  1:	0.964  0.012  0.000  0.008  0.001  0.014	10
  2:	0.095  0.034  0.000  0.063  0.000  0.808	8
  3:	0.001  0.008  0.000  0.000  0.000  0.991	10
  4:	0.104  0.011  0.000  0.008  0.000  0.877	10
  5:	0.002  0.007  0.975  0.000  0.014  0.001	10
  6:	0.002  0.006  0.000  0.001  0.000  0.991	10
  7:	0.997  0.002  0.000  0.000  0.000  0.001	10
  8:	0.166  0.057  0.000  0.131  0.000  0.645	10
  9:	0.996  0.002  0.000  0.000  0.000  0.001	10
 10:	0.998  0.001  0.000  0.000  0.000  0.001	10
 11:	0.023  0.030  0.000  0.812  0.000  0.135	10
 12:	0.001  0.011  0.000  0.983  0.000  0.004	10
 13:	0.003  0.021  0.000  0.973  0.000  0.003	10
 14:	0.001  0.005  0.001  0.000  0.993  0.000	10
 15:	0.000  0.005  0.002  0.000  0.993  0.000	10
 16:	0.020  0.013  0.000  0.004  0.000  0.963	10
 17:	0.010  0.017  0.000  0.699  0.000  0.274	10
 18:	0.001  0.010  0.834  0.000  0.155  0.000	10

  1:	0.116  0.883  0.000  0.000  0.000  0.000	10
  2:	0.000  0.925  0.000  0.075  0.000  0.000	8
  3:	0.072  0.928  0.000  0.000  0.000  0.000	10
  4:	0.000  0.942  0.000  0.058  0.000  0.000	10
  5:	0.000  0.842  0.158  0.000  0.000  0.000	10
  6:	0.065  0.934  0.000  0.000  0.000  0.000	10
  7:	0.065  0.935  0.000  0.000  0.000  0.000	10
  8:	0.000  0.903  0.000  0.096  0.001  0.000	10
  9:	0.022  0.978  0.000  0.000  0.000  0.000	10
 10:	0.017  0.983  0.000  0.000  0.000  0.000	10
 11:	0.000  0.888  0.000  0.017  0.095  0.000	10
 12:	0.000  0.910  0.000  0.000  0.090  0.000	10
 13:	0.000  0.878  0.000  0.000  0.121  0.000	10
 14:	0.000  0.892  0.000  0.000  0.000  0.108	10
 15:	0.000  0.888  0.001  0.000  0.000  0.111	10
 16:	0.000  0.925  0.000  0.075  0.000  0.000	10
 17:	0.000  0.899  0.000  0.100  0.001  0.000	10
 18:	0.000  0.833  0.165  0.000  0.000  0.001	10

  1:	0.115  0.002  0.000  0.000  0.881  0.001	10
  2:	0.005  0.067  0.000  0.000  0.927  0.001	8
  3:	0.001  0.000  0.000  0.000  0.868  0.131	10
  4:	0.003  0.001  0.000  0.000  0.897  0.099	10
  5:	0.002  0.000  0.000  0.419  0.579  0.000	10
  6:	0.001  0.000  0.000  0.000  0.873  0.125	10
  7:	0.080  0.000  0.000  0.000  0.920  0.000	10
  8:	0.004  0.088  0.000  0.000  0.905  0.002	10
  9:	0.032  0.000  0.000  0.000  0.967  0.000	10
 10:	0.027  0.000  0.000  0.000  0.973  0.000	10
 11:	0.004  0.093  0.012  0.000  0.891  0.001	10
 12:	0.003  0.001  0.091  0.000  0.905  0.000	10
 13:	0.003  0.000  0.127  0.000  0.870  0.000	10
 14:	0.001  0.000  0.000  0.201  0.798  0.000	10
 15:	0.001  0.000  0.000  0.211  0.788  0.000	10
 16:	0.003  0.002  0.000  0.000  0.870  0.126	10
 17:	0.001  0.097  0.000  0.000  0.900  0.001	10
 18:	0.003  0.000  0.000  0.433  0.564  0.000	10

  1:	0.014  0.968  0.007  0.010  0.001  0.000	10
  2:	0.021  0.108  0.021  0.849  0.000  0.000	8
  3:	0.014  0.981  0.001  0.004  0.000  0.000	10
  4:	0.008  0.271  0.002  0.718  0.000  0.000	10
  5:	0.007  0.005  0.000  0.000  0.014  0.974	10
  6:	0.009  0.980  0.003  0.008  0.000  0.000	10
  7:	0.002  0.997  0.000  0.001  0.000  0.000	10
  8:	0.041  0.187  0.040  0.731  0.000  0.000	10
  9:	0.002  0.997  0.000  0.000  0.000  0.000	10
 10:	0.001  0.998  0.000  0.001  0.000  0.000	10
 11:	0.028  0.030  0.693  0.247  0.000  0.000	10
 12:	0.011  0.003  0.978  0.007  0.000  0.000	10
 13:	0.018  0.003  0.976  0.003  0.000  0.000	10
 14:	0.005  0.001  0.000  0.000  0.993  0.001	10
 15:	0.005  0.000  0.000  0.000  0.993  0.002	10
 16:	0.010  0.037  0.001  0.952  0.000  0.000	10
 17:	0.019  0.004  0.139  0.838  0.000  0.000	10
 18:	0.010  0.001  0.000  0.000  0.153  0.835	10

  1:	0.158  0.001  0.000  0.004  0.000  0.838	10
  2:	0.000  0.000  0.000  0.078  0.000  0.922	8
  3:	0.000  0.000  0.000  0.057  0.000  0.943	10
  4:	0.001  0.000  0.000  0.061  0.000  0.938	10
  5:	0.000  0.000  0.161  0.000  0.000  0.839	10
  6:	0.000  0.000  0.000  0.051  0.000  0.949	10
  7:	0.117  0.000  0.000  0.000  0.000  0.883	10
  8:	0.001  0.001  0.000  0.099  0.000  0.898	10
  9:	0.049  0.000  0.000  0.000  0.000  0.951	10
 10:	0.041  0.000  0.000  0.000  0.000  0.959	10
 11:	0.000  0.104  0.000  0.014  0.000  0.882	10
 12:	0.000  0.095  0.000  0.000  0.000  0.905	10
 13:	0.000  0.127  0.000  0.000  0.000  0.872	10
 14:	0.000  0.000  0.000  0.000  0.104  0.895	10
 15:	0.000  0.000  0.001  0.000  0.107  0.892	10
 16:	0.000  0.000  0.000  0.079  0.000  0.921	10
 17:	0.000  0.004  0.000  0.102  0.000  0.894	10
 18:	0.000  0.000  0.169  0.000  0.001  0.830	10

  1:	0.968  0.001  0.010  0.007  0.000  0.014	10
  2:	0.096  0.000  0.861  0.022  0.000  0.021	8
  3:	0.980  0.000  0.005  0.001  0.000  0.014	10
  4:	0.265  0.000  0.725  0.002  0.000  0.008	10
  5:	0.005  0.014  0.000  0.000  0.974  0.007	10
  6:	0.980  0.000  0.009  0.002  0.000  0.009	10
  7:	0.997  0.000  0.001  0.000  0.000  0.002	10
  8:	0.177  0.000  0.742  0.040  0.000  0.041	10
  9:	0.997  0.000  0.001  0.000  0.000  0.002	10
 10:	0.998  0.000  0.001  0.000  0.000  0.001	10
 11:	0.029  0.000  0.244  0.699  0.000  0.028	10
 12:	0.003  0.000  0.006  0.980  0.000  0.011	10
 13:	0.003  0.000  0.003  0.976  0.000  0.018	10
 14:	0.001  0.993  0.000  0.000  0.001  0.005	10
 15:	0.000  0.993  0.000  0.000  0.002  0.005	10
 16:	0.034  0.000  0.955  0.001  0.000  0.010	10
 17:	0.003  0.000  0.834  0.144  0.000  0.019	10
 18:	0.001  0.152  0.000  0.000  0.837  0.010	10

  1:	0.014  0.001  0.008  0.965  0.000  0.012	10
  2:	0.803  0.000  0.066  0.097  0.000  0.034	8
  3:	0.991  0.000  0.000  0.001  0.000  0.008	10
  4:	0.876  0.000  0.009  0.104  0.000  0.011	10
  5:	0.001  0.015  0.000  0.002  0.975  0.007	10
  6:	0.991  0.000  0.001  0.002  0.000  0.006	10
  7:	0.001  0.000  0.000  0.997  0.000  0.002	10
  8:	0.634  0.000  0.136  0.172  0.000  0.058	10
  9:	0.001  0.000  0.000  0.996  0.000  0.002	10
 10:	0.001  0.000  0.000  0.998  0.000  0.001	10
 11:	0.131  0.000  0.814  0.025  0.000  0.030	10
 12:	0.005  0.000  0.983  0.001  0.000  0.011	10
 13:	0.003  0.000  0.973  0.003  0.000  0.021	10
 14:	0.000  0.993  0.000  0.001  0.001  0.005	10
 15:	0.000  0.993  0.000  0.000  0.002  0.005	10
 16:	0.963  0.000  0.004  0.019  0.000  0.013	10
 17:	0.269  0.000  0.704  0.010  0.000  0.017	10
 18:	0.000  0.155  0.000  0.001  0.834  0.010	10

  1:	0.000  0.110  0.000  0.890  0.000  0.000	10
  2:	0.067  0.000  0.000  0.933  0.000  0.001	8
  3:	0.000  0.069  0.000  0.931  0.000  0.000	10
  4:	0.000  0.001  0.000  0.943  0.000  0.056	10
  5:	0.000  0.000  0.147  0.853  0.000  0.000	10
  6:	0.000  0.062  0.000  0.937  0.000  0.000	10
  7:	0.000  0.061  0.000  0.938  0.000  0.000	10
  8:	0.086  0.000  0.000  0.913  0.000  0.000	10
  9:	0.000  0.021  0.000  0.979  0.000  0.000	10
 10:	0.000  0.015  0.000  0.984  0.000  0.000	10
 11:	0.005  0.000  0.000  0.899  0.088  0.008	10
 12:	0.000  0.000  0.000  0.914  0.014  0.071	10
 13:	0.000  0.000  0.000  0.892  0.108  0.000	10
 14:	0.000  0.000  0.067  0.932  0.000  0.000	10
 15:	0.000  0.000  0.070  0.930  0.000  0.000	10
 16:	0.001  0.000  0.000  0.926  0.000  0.072	10
 17:	0.002  0.000  0.000  0.899  0.000  0.098	10
 18:	0.000  0.000  0.156  0.844  0.000  0.000	10

  1:	0.000  0.000  0.000  0.117  0.882  0.000	10
  2:	0.000  0.000  0.000  0.000  0.925  0.075	8
  3:	0.000  0.000  0.000  0.072  0.927  0.000	10
  4:	0.000  0.000  0.000  0.000  0.942  0.058	10
  5:	0.000  0.158  0.000  0.000  0.842  0.000	10
  6:	0.000  0.000  0.000  0.066  0.934  0.000	10
  7:	0.000  0.000  0.000  0.065  0.934  0.000	10
  8:	0.001  0.000  0.000  0.000  0.903  0.096	10
  9:	0.000  0.000  0.000  0.023  0.977  0.000	10
 10:	0.000  0.000  0.000  0.017  0.983  0.000	10
 11:	0.095  0.000  0.000  0.000  0.887  0.017	10
 12:	0.090  0.000  0.000  0.000  0.909  0.000	10
 13:	0.122  0.000  0.000  0.000  0.878  0.000	10
 14:	0.000  0.000  0.108  0.000  0.892  0.000	10
 15:	0.000  0.001  0.111  0.000  0.888  0.000	10
 16:	0.000  0.000  0.000  0.000  0.925  0.075	10
 17:	0.001  0.000  0.000  0.000  0.898  0.100	10
 18:	0.000  0.166  0.001  0.000  0.833  0.000	10

  1:	0.000  0.082  0.000  0.000  0.918  0.000	10
  2:	0.009  0.062  0.000  0.000  0.928  0.001	8
  3:	0.000  0.052  0.000  0.000  0.948  0.000	10
  4:	0.000  0.000  0.000  0.000  0.948  0.052	10
  5:	0.000  0.000  0.000  0.155  0.845  0.000	10
  6:	0.000  0.046  0.000  0.000  0.954  0.000	10
  7:	0.000  0.042  0.000  0.000  0.958  0.000	10
  8:	0.019  0.075  0.000  0.000  0.906  0.000	10
  9:	0.000  0.007  0.000  0.000  0.993  0.000	10
 10:	0.000  0.002  0.000  0.000  0.998  0.000	10
 11:	0.107  0.000  0.000  0.000  0.891  0.001	10
 12:	0.087  0.000  0.000  0.000  0.912  0.001	10
 13:	0.001  0.000  0.000  0.000  0.892  0.107	10
 14:	0.000  0.000  0.107  0.000  0.893  0.000	10
 15:	0.000  0.000  0.110  0.000  0.889  0.000	10
 16:	0.000  0.000  0.000  0.000  0.932  0.068	10
 17:	0.100  0.000  0.000  0.000  0.900  0.000	10
 18:	0.000  0.000  0.001  0.162  0.837  0.000	10

  1:	0.000  0.008  0.001  0.014  0.965  0.012	10
  2:	0.000  0.061  0.000  0.809  0.096  0.034	8
  3:	0.000  0.000  0.000  0.991  0.001  0.007	10
  4:	0.000  0.008  0.000  0.874  0.106  0.011	10
  5:	0.975  0.000  0.015  0.001  0.002  0.007	10
  6:	0.000  0.001  0.000  0.991  0.002  0.006	10
  7:	0.000  0.000  0.000  0.001  0.996  0.002	10
  8:	0.000  0.128  0.000  0.642  0.171  0.058	10
  9:	0.000  0.000  0.000  0.001  0.996  0.002	10
 10:	0.000  0.000  0.000  0.001  0.998  0.001	10
 11:	0.000  0.811  0.000  0.136  0.023  0.030	10
 12:	0.000  0.983  0.000  0.005  0.001  0.011	10
 13:	0.000  0.973  0.000  0.003  0.003  0.021	10
 14:	0.001  0.000  0.993  0.000  0.001  0.005	10
 15:	0.002  0.000  0.992  0.000  0.000  0.005	10
 16:	0.000  0.003  0.000  0.963  0.021  0.013	10
 17:	0.000  0.699  0.000  0.273  0.010  0.017	10
 18:	0.833  0.000  0.155  0.000  0.001  0.010	10

  1:	0.000  0.000  0.000  0.000  0.080  0.920	10
  2:	0.000  0.002  0.000  0.000  0.074  0.924	8
  3:	0.000  0.000  0.053  0.000  0.000  0.947	10
  4:	0.000  0.000  0.000  0.000  0.059  0.941	10
  5:	0.156  0.000  0.000  0.000  0.000  0.844	10
  6:	0.000  0.000  0.047  0.000  0.000  0.953	10
  7:	0.000  0.000  0.000  0.000  0.045  0.955	10
  8:	0.000  0.015  0.000  0.000  0.083  0.902	10
  9:	0.000  0.000  0.000  0.000  0.008  0.992	10
 10:	0.000  0.000  0.000  0.000  0.003  0.997	10
 11:	0.000  0.109  0.001  0.000  0.002  0.889	10
 12:	0.000  0.088  0.001  0.000  0.000  0.910	10
 13:	0.000  0.001  0.113  0.000  0.000  0.886	10
 14:	0.000  0.000  0.000  0.107  0.000  0.893	10
 15:	0.001  0.000  0.000  0.110  0.000  0.889	10
 16:	0.000  0.000  0.000  0.000  0.076  0.924	10
 17:	0.000  0.100  0.000  0.000  0.002  0.898	10
 18:	0.163  0.000  0.000  0.001  0.000  0.835	10

  1:	0.000  0.900  0.000  0.000  0.100  0.000	10
  2:	0.000  0.926  0.000  0.000  0.000  0.074	8
  3:	0.000  0.936  0.000  0.000  0.063  0.000	10
  4:	0.000  0.934  0.000  0.001  0.060  0.006	10
  5:	0.156  0.844  0.000  0.000  0.000  0.000	10
  6:	0.000  0.942  0.000  0.000  0.058  0.000	10
  7:	0.000  0.944  0.000  0.000  0.056  0.000	10
  8:	0.000  0.905  0.000  0.001  0.000  0.094	10
  9:	0.000  0.982  0.000  0.000  0.018  0.000	10
 10:	0.000  0.987  0.000  0.000  0.013  0.000	10
 11:	0.000  0.889  0.000  0.092  0.000  0.018	10
 12:	0.000  0.911  0.000  0.088  0.000  0.000	10
 13:	0.000  0.880  0.000  0.120  0.000  0.000	10
 14:	0.000  0.895  0.105  0.000  0.000  0.000	10
 15:	0.001  0.891  0.108  0.000  0.000  0.000	10
 16:	0.000  0.926  0.000  0.000  0.000  0.073	10
 17:	0.000  0.900  0.000  0.001  0.000  0.099	10
 18:	0.163  0.835  0.001  0.000  0.000  0.000	10

  1:	0.000  0.084  0.916  0.000  0.000  0.000	10
  2:	0.000  0.070  0.925  0.004  0.000  0.000	8
  3:	0.000  0.000  0.947  0.000  0.000  0.052	10
  4:	0.000  0.000  0.942  0.057  0.000  0.000	10
  5:	0.000  0.000  0.853  0.000  0.147  0.000	10
  6:	0.000  0.000  0.952  0.000  0.000  0.047	10
  7:	0.000  0.047  0.953  0.000  0.000  0.000	10
  8:	0.000  0.084  0.903  0.009  0.000  0.004	10
  9:	0.000  0.014  0.986  0.000  0.000  0.000	10
 10:	0.000  0.009  0.991  0.000  0.000  0.000	10
 11:	0.010  0.001  0.895  0.005  0.000  0.090	10
 12:	0.088  0.000  0.911  0.000  0.000  0.000	10
 13:	0.120  0.000  0.879  0.000  0.000  0.000	10
 14:	0.000  0.000  0.932  0.000  0.068  0.000	10
 15:	0.000  0.000  0.930  0.000  0.070  0.000	10
 16:	0.000  0.000  0.925  0.075  0.000  0.000	10
 17:	0.001  0.000  0.898  0.101  0.000  0.000	10
 18:	0.000  0.000  0.844  0.000  0.156  0.000	10

  1:	0.000  0.012  0.008  0.001  0.964  0.015	10
  2:	0.000  0.035  0.062  0.000  0.093  0.810	8
  3:	0.000  0.008  0.000  0.000  0.001  0.991	10
  4:	0.000  0.011  0.009  0.000  0.103  0.878	10
  5:	0.976  0.006  0.000  0.014  0.002  0.001	10
  6:	0.000  0.006  0.001  0.000  0.002  0.991	10
  7:	0.000  0.002  0.000  0.000  0.996  0.001	10
  8:	0.000  0.059  0.130  0.000  0.171  0.640	10
  9:	0.000  0.002  0.000  0.000  0.996  0.001	10
 10:	0.000  0.001  0.000  0.000  0.998  0.001	10
 11:	0.000  0.030  0.810  0.000  0.025  0.135	10
 12:	0.000  0.011  0.982  0.000  0.001  0.005	10
 13:	0.000  0.021  0.972  0.000  0.003  0.003	10
 14:	0.001  0.005  0.000  0.993  0.001  0.000	10
 15:	0.002  0.005  0.000  0.993  0.000  0.000	10
 16:	0.000  0.013  0.004  0.000  0.020  0.963	10
 17:	0.000  0.017  0.702  0.000  0.010  0.271	10
 18:	0.835  0.010  0.000  0.154  0.001  0.000	10

  1:	0.002  0.002  0.159  0.000  0.001  0.835	10
  2:	0.000  0.078  0.000  0.000  0.000  0.921	8
  3:	0.068  0.000  0.000  0.000  0.000  0.932	10
  4:	0.065  0.003  0.001  0.000  0.000  0.931	10
  5:	0.000  0.000  0.000  0.155  0.000  0.845	10
  6:	0.063  0.000  0.000  0.000  0.000  0.937	10
  7:	0.000  0.000  0.118  0.000  0.000  0.882	10
  8:	0.000  0.100  0.001  0.000  0.001  0.899	10
  9:	0.000  0.000  0.050  0.000  0.000  0.950	10
 10:	0.000  0.000  0.042  0.000  0.000  0.958	10
 11:	0.000  0.020  0.000  0.000  0.096  0.884	10
 12:	0.000  0.000  0.000  0.000  0.093  0.906	10
 13:	0.000  0.000  0.000  0.000  0.126  0.874	10
 14:	0.000  0.000  0.000  0.072  0.000  0.928	10
 15:	0.000  0.000  0.000  0.074  0.000  0.926	10
 16:	0.000  0.078  0.000  0.000  0.000  0.921	10
 17:	0.000  0.104  0.000  0.000  0.001  0.894	10
 18:	0.000  0.000  0.000  0.165  0.000  0.835	10

