  1:	0.001  0.001  0.964  0.000  0.032  0.000  0.001  0.000	10
  2:	0.081  0.011  0.871  0.000  0.017  0.000  0.019  0.000	8
  3:	0.000  0.000  0.007  0.000  0.007  0.000  0.986  0.000	10
  4:	0.001  0.017  0.328  0.000  0.012  0.000  0.642  0.000	10
  5:	0.000  0.000  0.041  0.940  0.007  0.012  0.000  0.000	10
  6:	0.000  0.001  0.006  0.000  0.006  0.000  0.987  0.000	10
  7:	0.000  0.000  0.995  0.000  0.003  0.000  0.001  0.000	10
  8:	0.110  0.016  0.819  0.000  0.015  0.000  0.041  0.000	10
  9:	0.000  0.000  0.996  0.000  0.003  0.000  0.000  0.000	10
 10:	0.000  0.000  0.997  0.000  0.001  0.000  0.001  0.000	10
 11:	0.106  0.302  0.561  0.000  0.015  0.000  0.015  0.000	10
 12:	0.000  0.972  0.011  0.000  0.013  0.000  0.001  0.002	10
 13:	0.000  0.041  0.774  0.000  0.012  0.000  0.005  0.167	10
 14:	0.000  0.000  0.002  0.001  0.005  0.992  0.000  0.000	10
 15:	0.000  0.000  0.001  0.002  0.005  0.992  0.000  0.000	10
 16:	0.016  0.002  0.225  0.000  0.014  0.000  0.743  0.000	10
 17:	0.023  0.831  0.106  0.000  0.012  0.000  0.028  0.000	10
 18:	0.000  0.000  0.002  0.820  0.011  0.167  0.000  0.000	10

  1:	0.001  0.000  0.008  0.000  0.001  0.073  0.917  0.000	10
  2:	0.000  0.000  0.012  0.047  0.024  0.002  0.913  0.001	8
  3:	0.000  0.000  0.007  0.000  0.000  0.051  0.942  0.000	10
  4:	0.000  0.000  0.005  0.000  0.097  0.001  0.896  0.001	10
  5:	0.010  0.294  0.004  0.000  0.000  0.001  0.690  0.000	10
  6:	0.000  0.000  0.005  0.000  0.000  0.046  0.948  0.000	10
  7:	0.000  0.000  0.001  0.000  0.000  0.039  0.959  0.000	10
  8:	0.000  0.000  0.010  0.066  0.025  0.003  0.894  0.002	10
  9:	0.000  0.000  0.002  0.000  0.000  0.001  0.996  0.000	10
 10:	0.000  0.000  0.001  0.000  0.000  0.000  0.998  0.000	10
 11:	0.000  0.000  0.009  0.073  0.016  0.002  0.850  0.050	10
 12:	0.000  0.000  0.007  0.000  0.002  0.002  0.777  0.212	10
 13:	0.000  0.000  0.008  0.001  0.000  0.003  0.738  0.251	10
 14:	0.955  0.000  0.003  0.000  0.000  0.001  0.040  0.000	10
 15:	0.982  0.001  0.003  0.000  0.000  0.001  0.013  0.000	10
 16:	0.000  0.000  0.005  0.001  0.135  0.001  0.857  0.000	10
 17:	0.000  0.000  0.006  0.004  0.166  0.001  0.806  0.016	10
 18:	0.138  0.270  0.005  0.000  0.000  0.001  0.585  0.000	10

  1:	0.000  0.003  0.001  0.000  0.113  0.882  0.000  0.000	10
  2:	0.000  0.013  0.065  0.000  0.000  0.922  0.000  0.000	8
  3:	0.138  0.001  0.000  0.000  0.000  0.861  0.000  0.000	10
  4:	0.001  0.006  0.002  0.000  0.076  0.914  0.000  0.001	10
  5:	0.000  0.005  0.000  0.001  0.000  0.830  0.164  0.000	10
  6:	0.130  0.001  0.000  0.000  0.000  0.868  0.000  0.000	10
  7:	0.000  0.000  0.000  0.000  0.079  0.921  0.000  0.000	10
  8:	0.001  0.014  0.086  0.000  0.001  0.898  0.000  0.001	10
  9:	0.000  0.002  0.000  0.000  0.025  0.973  0.000  0.000	10
 10:	0.000  0.001  0.000  0.000  0.022  0.977  0.000  0.000	10
 11:	0.002  0.015  0.022  0.000  0.000  0.886  0.000  0.076	10
 12:	0.000  0.009  0.000  0.000  0.000  0.908  0.000  0.082	10
 13:	0.000  0.011  0.000  0.000  0.000  0.877  0.000  0.111	10
 14:	0.000  0.003  0.000  0.167  0.000  0.829  0.000  0.000	10
 15:	0.000  0.003  0.000  0.174  0.000  0.823  0.001  0.000	10
 16:	0.000  0.006  0.073  0.000  0.002  0.920  0.000  0.000	10
 17:	0.000  0.005  0.101  0.000  0.000  0.891  0.000  0.002	10
 18:	0.000  0.006  0.000  0.012  0.000  0.814  0.168  0.000	10

  1:	0.000  0.000  0.000  0.131  0.000  0.868  0.000  0.000	10
  2:	0.000  0.001  0.000  0.000  0.000  0.921  0.000  0.078	8
  3:	0.000  0.000  0.000  0.080  0.000  0.920  0.000  0.000	10
  4:	0.000  0.075  0.000  0.000  0.000  0.924  0.000  0.000	10
  5:	0.000  0.000  0.000  0.000  0.167  0.833  0.000  0.000	10
  6:	0.000  0.001  0.000  0.073  0.000  0.927  0.000  0.000	10
  7:	0.000  0.000  0.000  0.073  0.000  0.927  0.000  0.000	10
  8:	0.001  0.000  0.000  0.000  0.000  0.898  0.000  0.101	10
  9:	0.000  0.000  0.000  0.026  0.000  0.974  0.000  0.000	10
 10:	0.000  0.000  0.000  0.019  0.000  0.980  0.000  0.000	10
 11:	0.113  0.000  0.000  0.000  0.000  0.871  0.001  0.014	10
 12:	0.103  0.000  0.000  0.000  0.000  0.894  0.003  0.000	10
 13:	0.001  0.000  0.000  0.000  0.000  0.865  0.134  0.000	10
 14:	0.000  0.000  0.108  0.000  0.000  0.892  0.000  0.000	10
 15:	0.000  0.000  0.111  0.000  0.001  0.888  0.000  0.000	10
 16:	0.000  0.097  0.000  0.000  0.000  0.902  0.000  0.001	10
 17:	0.001  0.000  0.000  0.000  0.000  0.894  0.000  0.105	10
 18:	0.000  0.000  0.001  0.000  0.175  0.824  0.000  0.000	10

  1:	0.951  0.000  0.000  0.042  0.001  0.000  0.000  0.005	10
  2:	0.003  0.000  0.000  0.060  0.011  0.000  0.000  0.926	8
  3:	0.971  0.000  0.000  0.000  0.011  0.000  0.000  0.017	10
  4:	0.041  0.000  0.000  0.000  0.024  0.000  0.000  0.934	10
  5:	0.001  0.012  0.000  0.000  0.006  0.951  0.000  0.029	10
  6:	0.961  0.000  0.000  0.000  0.007  0.000  0.000  0.030	10
  7:	0.995  0.000  0.000  0.000  0.002  0.000  0.000  0.003	10
  8:	0.025  0.000  0.002  0.086  0.010  0.000  0.000  0.877	10
  9:	0.993  0.000  0.000  0.000  0.002  0.000  0.000  0.005	10
 10:	0.990  0.000  0.000  0.000  0.001  0.000  0.000  0.009	10
 11:	0.014  0.000  0.078  0.003  0.014  0.000  0.004  0.887	10
 12:	0.001  0.000  0.001  0.000  0.011  0.000  0.075  0.913	10
 13:	0.002  0.000  0.000  0.000  0.011  0.000  0.119  0.867	10
 14:	0.001  0.994  0.000  0.000  0.005  0.000  0.000  0.001	10
 15:	0.000  0.993  0.000  0.000  0.004  0.001  0.000  0.001	10
 16:	0.002  0.000  0.000  0.001  0.029  0.000  0.000  0.968	10
 17:	0.004  0.000  0.079  0.001  0.007  0.000  0.000  0.908	10
 18:	0.001  0.164  0.000  0.000  0.009  0.824  0.000  0.002	10

  1:	0.000  0.000  0.002  0.913  0.084  0.000  0.000  0.000	10
  2:	0.000  0.001  0.017  0.908  0.065  0.009  0.001  0.000	8
  3:	0.000  0.000  0.002  0.697  0.000  0.000  0.301  0.000	10
  4:	0.000  0.000  0.010  0.925  0.052  0.003  0.010  0.000	10
  5:	0.006  0.000  0.005  0.720  0.000  0.000  0.000  0.269	10
  6:	0.000  0.000  0.002  0.706  0.000  0.000  0.291  0.000	10
  7:	0.000  0.000  0.001  0.959  0.040  0.000  0.000  0.000	10
  8:	0.000  0.001  0.021  0.875  0.081  0.020  0.002  0.000	10
  9:	0.000  0.000  0.003  0.996  0.001  0.000  0.000  0.000	10
 10:	0.000  0.000  0.002  0.997  0.000  0.000  0.000  0.000	10
 11:	0.000  0.002  0.017  0.733  0.005  0.239  0.004  0.000	10
 12:	0.000  0.002  0.009  0.725  0.000  0.263  0.000  0.000	10
 13:	0.000  0.147  0.007  0.836  0.000  0.009  0.000  0.000	10
 14:	0.945  0.000  0.004  0.050  0.000  0.000  0.000  0.000	10
 15:	0.979  0.000  0.004  0.017  0.000  0.000  0.000  0.000	10
 16:	0.000  0.000  0.006  0.908  0.084  0.000  0.001  0.000	10
 17:	0.000  0.000  0.008  0.742  0.008  0.242  0.000  0.000	10
 18:	0.134  0.000  0.007  0.608  0.000  0.000  0.000  0.251	10

  1:	0.111  0.001  0.001  0.000  0.883  0.000  0.002  0.001	10
  2:	0.000  0.024  0.043  0.000  0.925  0.000  0.007  0.001	8
  3:	0.068  0.001  0.000  0.000  0.928  0.000  0.003  0.000	10
  4:	0.000  0.001  0.062  0.000  0.934  0.000  0.002  0.000	10
  5:	0.000  0.001  0.000  0.142  0.854  0.000  0.004  0.000	10
  6:	0.062  0.001  0.000  0.000  0.934  0.000  0.002  0.000	10
  7:	0.067  0.000  0.000  0.000  0.932  0.000  0.000  0.000	10
  8:	0.001  0.031  0.055  0.000  0.903  0.002  0.007  0.002	10
  9:	0.021  0.001  0.000  0.000  0.977  0.000  0.001  0.000	10
 10:	0.016  0.000  0.000  0.000  0.982  0.000  0.001  0.000	10
 11:	0.000  0.006  0.004  0.000  0.891  0.079  0.007  0.013	10
 12:	0.000  0.004  0.000  0.000  0.901  0.002  0.004  0.089	10
 13:	0.000  0.002  0.000  0.000  0.884  0.109  0.005  0.000	10
 14:	0.000  0.002  0.000  0.063  0.933  0.000  0.003  0.000	10
 15:	0.000  0.001  0.000  0.067  0.930  0.000  0.002  0.000	10
 16:	0.000  0.001  0.081  0.000  0.915  0.000  0.003  0.000	10
 17:	0.000  0.003  0.005  0.000  0.886  0.000  0.004  0.101	10
 18:	0.000  0.002  0.000  0.150  0.844  0.000  0.004  0.000	10

  1:	0.000  0.825  0.001  0.006  0.003  0.000  0.165  0.000	10
  2:	0.000  0.921  0.001  0.014  0.063  0.000  0.001  0.000	8
  3:	0.000  0.930  0.066  0.003  0.000  0.000  0.000  0.000	10
  4:	0.000  0.926  0.065  0.005  0.001  0.000  0.002  0.001	10
  5:	0.155  0.839  0.000  0.005  0.000  0.000  0.000  0.000	10
  6:	0.000  0.935  0.061  0.003  0.000  0.000  0.000  0.000	10
  7:	0.000  0.864  0.000  0.001  0.000  0.000  0.135  0.000	10
  8:	0.000  0.896  0.001  0.012  0.088  0.000  0.003  0.000	10
  9:	0.000  0.944  0.000  0.002  0.000  0.000  0.054  0.000	10
 10:	0.000  0.950  0.000  0.001  0.000  0.000  0.049  0.000	10
 11:	0.000  0.881  0.000  0.011  0.089  0.000  0.000  0.018	10
 12:	0.000  0.895  0.000  0.008  0.000  0.000  0.000  0.096	10
 13:	0.000  0.858  0.000  0.008  0.000  0.000  0.000  0.132	10
 14:	0.000  0.867  0.000  0.003  0.000  0.129  0.000  0.000	10
 15:	0.001  0.862  0.000  0.003  0.000  0.135  0.000  0.000	10
 16:	0.000  0.906  0.085  0.006  0.002  0.000  0.001  0.000	10
 17:	0.000  0.891  0.000  0.004  0.103  0.000  0.000  0.001	10
 18:	0.161  0.829  0.000  0.006  0.000  0.003  0.000  0.000	10

  1:	0.002  0.088  0.000  0.000  0.000  0.000  0.000  0.909	10
  2:	0.013  0.000  0.001  0.000  0.000  0.000  0.048  0.936	8
  3:	0.004  0.059  0.000  0.000  0.000  0.000  0.000  0.937	10
  4:	0.007  0.053  0.000  0.000  0.001  0.000  0.001  0.938	10
  5:	0.005  0.000  0.000  0.155  0.000  0.005  0.000  0.835	10
  6:	0.003  0.053  0.000  0.000  0.000  0.000  0.000  0.943	10
  7:	0.000  0.048  0.000  0.000  0.000  0.000  0.000  0.951	10
  8:	0.014  0.002  0.001  0.000  0.002  0.000  0.065  0.917	10
  9:	0.003  0.001  0.000  0.000  0.000  0.000  0.000  0.996	10
 10:	0.002  0.000  0.000  0.000  0.000  0.000  0.000  0.998	10
 11:	0.011  0.000  0.001  0.000  0.106  0.000  0.006  0.876	10
 12:	0.007  0.000  0.000  0.000  0.095  0.000  0.000  0.897	10
 13:	0.009  0.000  0.106  0.000  0.003  0.000  0.000  0.882	10
 14:	0.004  0.000  0.000  0.000  0.000  0.941  0.000  0.055	10
 15:	0.003  0.000  0.000  0.000  0.000  0.978  0.000  0.019	10
 16:	0.007  0.002  0.061  0.000  0.000  0.000  0.002  0.928	10
 17:	0.006  0.000  0.001  0.000  0.006  0.000  0.075  0.912	10
 18:	0.006  0.000  0.000  0.153  0.000  0.106  0.000  0.735	10

  1:	0.912  0.000  0.000  0.001  0.000  0.083  0.001  0.003	10
  2:	0.922  0.000  0.001  0.006  0.000  0.052  0.004  0.015	8
  3:	0.862  0.137  0.000  0.000  0.000  0.000  0.000  0.001	10
  4:	0.921  0.002  0.000  0.000  0.000  0.000  0.073  0.003	10
  5:	0.839  0.000  0.000  0.000  0.156  0.000  0.000  0.004	10
  6:	0.869  0.129  0.000  0.000  0.000  0.000  0.000  0.001	10
  7:	0.948  0.000  0.000  0.000  0.000  0.051  0.000  0.000	10
  8:	0.897  0.001  0.001  0.012  0.000  0.069  0.003  0.016	10
  9:	0.985  0.000  0.000  0.000  0.000  0.013  0.000  0.002	10
 10:	0.989  0.000  0.000  0.000  0.000  0.010  0.000  0.001	10
 11:	0.879  0.001  0.001  0.105  0.000  0.001  0.001  0.011	10
 12:	0.901  0.000  0.002  0.089  0.000  0.000  0.001  0.007	10
 13:	0.858  0.000  0.137  0.000  0.000  0.000  0.000  0.005	10
 14:	0.926  0.000  0.000  0.000  0.069  0.000  0.000  0.004	10
 15:	0.923  0.000  0.000  0.000  0.074  0.000  0.000  0.002	10
 16:	0.898  0.001  0.000  0.005  0.000  0.000  0.091  0.004	10
 17:	0.887  0.000  0.000  0.105  0.000  0.000  0.003  0.005	10
 18:	0.829  0.000  0.000  0.000  0.165  0.000  0.000  0.006	10

  1:	0.001  0.006  0.229  0.000  0.003  0.000  0.000  0.760	10
  2:	0.001  0.014  0.005  0.000  0.062  0.000  0.000  0.917	8
  3:	0.062  0.004  0.000  0.000  0.000  0.000  0.000  0.934	10
  4:	0.062  0.005  0.007  0.000  0.001  0.001  0.000  0.924	10
  5:	0.000  0.005  0.000  0.209  0.000  0.000  0.001  0.784	10
  6:	0.057  0.004  0.000  0.000  0.000  0.000  0.000  0.939	10
  7:	0.000  0.001  0.203  0.000  0.000  0.000  0.000  0.796	10
  8:	0.002  0.012  0.009  0.000  0.087  0.000  0.000  0.890	10
  9:	0.000  0.002  0.125  0.000  0.000  0.000  0.000  0.873	10
 10:	0.000  0.001  0.121  0.000  0.000  0.000  0.000  0.878	10
 11:	0.001  0.011  0.000  0.000  0.089  0.018  0.000  0.881	10
 12:	0.000  0.008  0.000  0.000  0.000  0.096  0.000  0.896	10
 13:	0.000  0.008  0.000  0.000  0.000  0.133  0.000  0.858	10
 14:	0.000  0.003  0.000  0.000  0.000  0.000  0.212  0.784	10
 15:	0.000  0.003  0.000  0.001  0.000  0.000  0.218  0.778	10
 16:	0.081  0.007  0.002  0.000  0.002  0.000  0.000  0.909	10
 17:	0.000  0.004  0.001  0.000  0.103  0.001  0.000  0.890	10
 18:	0.000  0.006  0.000  0.207  0.000  0.000  0.025  0.761	10

  1:	0.000  0.000  0.004  0.001  0.000  0.001  0.905  0.090	10
  2:	0.000  0.000  0.012  0.059  0.000  0.000  0.926  0.001	8
  3:	0.000  0.092  0.001  0.000  0.000  0.000  0.907  0.000	10
  4:	0.000  0.000  0.006  0.000  0.000  0.001  0.928  0.064	10
  5:	0.144  0.000  0.005  0.000  0.000  0.000  0.850  0.000	10
  6:	0.000  0.085  0.001  0.000  0.000  0.000  0.914  0.000	10
  7:	0.000  0.000  0.000  0.000  0.000  0.000  0.937  0.063	10
  8:	0.000  0.000  0.012  0.081  0.000  0.001  0.904  0.002	10
  9:	0.000  0.000  0.002  0.000  0.000  0.000  0.980  0.018	10
 10:	0.000  0.000  0.001  0.000  0.000  0.000  0.985  0.013	10
 11:	0.000  0.001  0.011  0.010  0.001  0.102  0.875  0.001	10
 12:	0.000  0.000  0.008  0.000  0.001  0.095  0.896  0.000	10
 13:	0.000  0.000  0.004  0.000  0.136  0.000  0.860  0.000	10
 14:	0.064  0.000  0.004  0.000  0.000  0.000  0.931  0.000	10
 15:	0.068  0.000  0.003  0.000  0.000  0.000  0.929  0.000	10
 16:	0.000  0.000  0.007  0.003  0.000  0.000  0.907  0.082	10
 17:	0.000  0.000  0.005  0.092  0.000  0.004  0.898  0.001	10
 18:	0.152  0.000  0.006  0.000  0.000  0.000  0.841  0.000	10

  1:	0.009  0.002  0.000  0.000  0.013  0.964  0.000  0.011	10
  2:	0.120  0.006  0.000  0.000  0.024  0.062  0.001  0.787	8
  3:	0.003  0.000  0.000  0.000  0.014  0.977  0.000  0.005	10
  4:	0.015  0.000  0.000  0.000  0.009  0.085  0.000  0.891	10
  5:	0.002  0.000  0.013  0.973  0.007  0.004  0.000  0.001	10
  6:	0.003  0.000  0.000  0.000  0.009  0.981  0.000  0.005	10
  7:	0.001  0.000  0.000  0.000  0.002  0.996  0.000  0.001	10
  8:	0.098  0.069  0.000  0.000  0.018  0.334  0.000  0.481	10
  9:	0.001  0.000  0.000  0.000  0.002  0.995  0.000  0.001	10
 10:	0.001  0.000  0.000  0.000  0.001  0.997  0.000  0.001	10
 11:	0.789  0.085  0.000  0.000  0.016  0.026  0.000  0.083	10
 12:	0.981  0.000  0.000  0.000  0.016  0.000  0.001  0.001	10
 13:	0.807  0.000  0.000  0.000  0.010  0.022  0.157  0.005	10
 14:	0.000  0.000  0.992  0.001  0.006  0.001  0.000  0.000	10
 15:	0.000  0.000  0.992  0.002  0.005  0.000  0.000  0.000	10
 16:	0.004  0.001  0.000  0.000  0.011  0.012  0.000  0.972	10
 17:	0.613  0.093  0.000  0.000  0.004  0.019  0.000  0.271	10
 18:	0.000  0.000  0.154  0.834  0.011  0.001  0.000  0.000	10

  1:	0.000  0.011  0.000  0.002  0.027  0.957  0.002  0.000	10
  2:	0.000  0.018  0.000  0.041  0.755  0.161  0.024  0.000	8
  3:	0.000  0.006  0.000  0.000  0.003  0.001  0.989  0.000	10
  4:	0.000  0.010  0.000  0.000  0.330  0.126  0.534  0.000	10
  5:	0.972  0.007  0.013  0.000  0.005  0.002  0.000  0.000	10
  6:	0.000  0.005  0.000  0.000  0.006  0.002  0.987  0.000	10
  7:	0.000  0.002  0.000  0.000  0.002  0.996  0.001  0.000	10
  8:	0.000  0.018  0.000  0.066  0.622  0.243  0.050  0.001	10
  9:	0.000  0.002  0.000  0.000  0.001  0.996  0.001  0.000	10
 10:	0.000  0.001  0.000  0.000  0.001  0.997  0.001  0.000	10
 11:	0.000  0.016  0.000  0.006  0.884  0.019  0.011  0.064	10
 12:	0.000  0.017  0.000  0.000  0.980  0.000  0.000  0.001	10
 13:	0.000  0.010  0.000  0.000  0.886  0.003  0.002  0.100	10
 14:	0.001  0.005  0.993  0.000  0.000  0.001  0.000  0.000	10
 15:	0.002  0.005  0.992  0.000  0.001  0.000  0.000  0.000	10
 16:	0.000  0.013  0.000  0.003  0.291  0.037  0.657  0.000	10
 17:	0.000  0.008  0.000  0.077  0.883  0.018  0.013  0.000	10
 18:	0.838  0.011  0.150  0.000  0.001  0.001  0.000  0.000	10

  1:	0.000  0.000  0.003  0.003  0.376  0.000  0.614  0.003	10
  2:	0.000  0.000  0.003  0.071  0.015  0.000  0.905  0.005	8
  3:	0.000  0.000  0.001  0.000  0.000  0.000  0.931  0.067	10
  4:	0.000  0.000  0.070  0.000  0.016  0.000  0.912  0.002	10
  5:	0.004  0.334  0.000  0.000  0.000  0.000  0.659  0.002	10
  6:	0.000  0.000  0.002  0.000  0.000  0.000  0.936  0.061	10
  7:	0.000  0.000  0.000  0.000  0.345  0.000  0.654  0.000	10
  8:	0.000  0.000  0.002  0.097  0.025  0.000  0.872  0.004	10
  9:	0.000  0.000  0.000  0.000  0.272  0.000  0.727  0.001	10
 10:	0.000  0.000  0.000  0.000  0.270  0.000  0.729  0.000	10
 11:	0.000  0.000  0.002  0.104  0.001  0.012  0.878  0.004	10
 12:	0.000  0.000  0.002  0.002  0.000  0.094  0.899  0.003	10
 13:	0.000  0.000  0.001  0.001  0.003  0.132  0.859  0.004	10
 14:	0.342  0.000  0.000  0.000  0.000  0.000  0.656  0.001	10
 15:	0.347  0.001  0.000  0.000  0.000  0.000  0.650  0.001	10
 16:	0.000  0.000  0.090  0.001  0.003  0.000  0.903  0.003	10
 17:	0.000  0.000  0.001  0.108  0.003  0.000  0.887  0.001	10
 18:	0.048  0.313  0.001  0.000  0.000  0.000  0.635  0.003	10

  1:	0.000  0.881  0.001  0.115  0.000  0.000  0.000  0.002	10
  2:	0.000  0.921  0.064  0.000  0.000  0.000  0.000  0.014	8
  3:	0.000  0.920  0.000  0.076  0.000  0.000  0.000  0.003	10
  4:	0.000  0.939  0.054  0.001  0.000  0.000  0.000  0.006	10
  5:	0.190  0.796  0.000  0.000  0.002  0.005  0.000  0.007	10
  6:	0.000  0.927  0.000  0.070  0.000  0.000  0.000  0.003	10
  7:	0.000  0.936  0.000  0.064  0.000  0.000  0.000  0.000	10
  8:	0.000  0.897  0.084  0.001  0.000  0.000  0.002  0.016	10
  9:	0.000  0.994  0.000  0.002  0.000  0.000  0.000  0.003	10
 10:	0.000  0.997  0.000  0.000  0.000  0.000  0.000  0.002	10
 11:	0.000  0.880  0.016  0.000  0.000  0.000  0.091  0.014	10
 12:	0.000  0.903  0.000  0.000  0.000  0.000  0.088  0.008	10
 13:	0.000  0.869  0.000  0.000  0.000  0.000  0.122  0.009	10
 14:	0.000  0.113  0.000  0.000  0.883  0.000  0.000  0.003	10
 15:	0.000  0.056  0.000  0.000  0.941  0.000  0.000  0.003	10
 16:	0.000  0.919  0.075  0.000  0.000  0.000  0.000  0.006	10
 17:	0.000  0.889  0.102  0.000  0.000  0.000  0.003  0.006	10
 18:	0.023  0.792  0.000  0.000  0.005  0.174  0.000  0.006	10

  1:	0.000  0.083  0.003  0.913  0.000  0.000  0.000  0.000	10
  2:	0.000  0.000  0.014  0.923  0.000  0.063  0.000  0.000	8
  3:	0.000  0.000  0.001  0.900  0.000  0.000  0.100  0.000	10
  4:	0.000  0.057  0.006  0.935  0.000  0.001  0.001  0.000	10
  5:	0.000  0.000  0.006  0.832  0.158  0.000  0.000  0.004	10
  6:	0.000  0.000  0.001  0.908  0.000  0.000  0.091  0.000	10
  7:	0.000  0.050  0.000  0.950  0.000  0.000  0.000  0.000	10
  8:	0.000  0.003  0.015  0.899  0.000  0.082  0.000  0.000	10
  9:	0.000  0.002  0.003  0.995  0.000  0.000  0.000  0.000	10
 10:	0.000  0.000  0.002  0.997  0.000  0.000  0.000  0.000	10
 11:	0.021  0.070  0.015  0.879  0.000  0.015  0.001  0.000	10
 12:	0.080  0.000  0.009  0.910  0.000  0.000  0.000  0.000	10
 13:	0.113  0.000  0.010  0.876  0.000  0.000  0.000  0.000	10
 14:	0.000  0.000  0.004  0.083  0.000  0.000  0.000  0.914	10
 15:	0.000  0.000  0.003  0.031  0.000  0.000  0.000  0.966	10
 16:	0.000  0.001  0.006  0.921  0.000  0.072  0.000  0.000	10
 17:	0.002  0.000  0.005  0.892  0.000  0.101  0.000  0.000	10
 18:	0.000  0.000  0.006  0.736  0.156  0.000  0.000  0.102	10

  1:	0.000  0.086  0.000  0.001  0.909  0.000  0.000  0.003	10
  2:	0.000  0.000  0.001  0.061  0.925  0.000  0.000  0.013	8
  3:	0.000  0.000  0.059  0.000  0.937  0.000  0.000  0.004	10
  4:	0.000  0.001  0.056  0.000  0.937  0.000  0.000  0.006	10
  5:	0.000  0.000  0.000  0.000  0.832  0.004  0.159  0.005	10
  6:	0.000  0.000  0.053  0.000  0.944  0.000  0.000  0.003	10
  7:	0.000  0.052  0.000  0.000  0.948  0.000  0.000  0.000	10
  8:	0.000  0.003  0.001  0.083  0.901  0.000  0.000  0.012	10
  9:	0.000  0.002  0.000  0.000  0.995  0.000  0.000  0.003	10
 10:	0.000  0.000  0.000  0.000  0.997  0.000  0.000  0.002	10
 11:	0.012  0.089  0.000  0.012  0.874  0.000  0.000  0.013	10
 12:	0.089  0.000  0.000  0.000  0.902  0.000  0.000  0.008	10
 13:	0.126  0.000  0.000  0.000  0.865  0.000  0.000  0.008	10
 14:	0.000  0.000  0.000  0.000  0.056  0.940  0.000  0.004	10
 15:	0.000  0.000  0.000  0.000  0.019  0.978  0.000  0.003	10
 16:	0.000  0.000  0.074  0.002  0.916  0.000  0.000  0.007	10
 17:	0.001  0.000  0.000  0.099  0.895  0.000  0.000  0.004	10
 18:	0.000  0.000  0.000  0.000  0.733  0.105  0.156  0.006	10

  1:	0.000  0.004  0.421  0.567  0.001  0.000  0.004  0.002	10
  2:	0.000  0.042  0.053  0.868  0.027  0.000  0.006  0.003	8
  3:	0.000  0.001  0.000  0.940  0.000  0.000  0.059  0.000	10
  4:	0.000  0.058  0.024  0.914  0.000  0.000  0.002  0.001	10
  5:	0.004  0.001  0.001  0.612  0.000  0.380  0.002  0.000	10
  6:	0.000  0.001  0.001  0.944  0.000  0.000  0.054  0.000	10
  7:	0.000  0.000  0.395  0.604  0.000  0.000  0.000  0.000	10
  8:	0.000  0.048  0.069  0.823  0.040  0.000  0.008  0.011	10
  9:	0.000  0.000  0.327  0.671  0.000  0.000  0.001  0.000	10
 10:	0.000  0.000  0.322  0.677  0.000  0.000  0.000  0.000	10
 11:	0.000  0.006  0.009  0.701  0.009  0.000  0.008  0.266	10
 12:	0.000  0.002  0.000  0.679  0.000  0.000  0.004  0.315	10
 13:	0.000  0.001  0.001  0.644  0.000  0.000  0.006  0.347	10
 14:	0.460  0.000  0.000  0.537  0.000  0.000  0.002  0.000	10
 15:	0.468  0.000  0.000  0.528  0.000  0.001  0.002  0.000	10
 16:	0.000  0.074  0.005  0.917  0.001  0.000  0.003  0.000	10
 17:	0.000  0.003  0.013  0.851  0.097  0.000  0.003  0.033	10
 18:	0.061  0.001  0.000  0.585  0.000  0.349  0.004  0.000	10

  1:	0.957  0.001  0.001  0.001  0.009  0.016  0.000  0.015	10
  2:	0.045  0.008  0.005  0.000  0.041  0.872  0.000  0.029	8
  3:	0.001  0.988  0.000  0.000  0.001  0.002  0.000  0.007	10
  4:	0.087  0.009  0.001  0.000  0.004  0.888  0.000  0.010	10
  5:	0.002  0.000  0.000  0.014  0.000  0.000  0.975  0.008	10
  6:	0.002  0.986  0.000  0.000  0.001  0.004  0.000  0.007	10
  7:	0.996  0.000  0.000  0.000  0.000  0.001  0.000  0.002	10
  8:	0.088  0.039  0.010  0.000  0.068  0.742  0.000  0.054	10
  9:	0.996  0.000  0.000  0.000  0.000  0.001  0.000  0.003	10
 10:	0.997  0.000  0.000  0.000  0.000  0.001  0.000  0.001	10
 11:	0.012  0.017  0.090  0.000  0.699  0.151  0.000  0.031	10
 12:	0.001  0.000  0.019  0.000  0.964  0.002  0.000  0.014	10
 13:	0.018  0.001  0.916  0.000  0.042  0.008  0.000  0.015	10
 14:	0.001  0.000  0.000  0.992  0.000  0.000  0.000  0.007	10
 15:	0.000  0.000  0.000  0.992  0.000  0.000  0.002  0.006	10
 16:	0.011  0.001  0.000  0.000  0.001  0.973  0.000  0.013	10
 17:	0.009  0.001  0.003  0.000  0.721  0.249  0.000  0.017	10
 18:	0.000  0.000  0.000  0.153  0.000  0.000  0.833  0.012	10

