Obs.	TGCP_WM1	MRLP_WM123	STT_WM183	FSSP_WM241	HNL_WM301	MPO_WM482	OICP_WM541	IRO_WM601	HGRF_WM661	PTP_WM721	RRL_WM782	RRO_WM842	CPS_WM901	PPNP_WM962	FPPI_WM1021	CRWA_WM1082	PCRA_WM1141	DHFA_WM1202
TGCP_WM1	0.000000	0.135594	0.176556	0.146414	0.205124	0.192440	0.102989	0.108877	0.146559	0.149091	0.132911	0.167737	0.148936	0.200881	0.198616	0.167056	0.154896	0.190287
MRLP_WM123	0.135594	0.000000	0.119914	0.105371	0.165484	0.122986	0.141949	0.049462	0.140315	0.134573	0.096272	0.120419	0.115760	0.160888	0.156638	0.104212	0.100072	0.155206
STT_WM183	0.176556	0.119914	0.000000	0.145473	0.186809	0.056175	0.185577	0.102670	0.186948	0.176847	0.135113	0.161757	0.147279	0.188311	0.186483	0.149247	0.137897	0.180458
FSSP_WM241	0.146414	0.105371	0.145473	0.000000	0.188917	0.138708	0.163021	0.096596	0.164663	0.141695	0.118928	0.152363	0.146951	0.182347	0.178196	0.120353	0.133794	0.172945
HNL_WM301	0.205124	0.165484	0.186809	0.188917	0.000000	0.193220	0.207415	0.163487	0.204854	0.187342	0.174867	0.191739	0.181227	0.176403	0.166162	0.191943	0.185453	0.112055
MPO_WM482	0.192440	0.122986	0.056175	0.138708	0.193220	0.000000	0.183123	0.112482	0.185104	0.177936	0.136504	0.167254	0.157342	0.197016	0.196732	0.155443	0.145823	0.180045
OICP_WM541	0.102989	0.141949	0.185577	0.163021	0.207415	0.183123	0.000000	0.120341	0.154787	0.159166	0.154149	0.194485	0.168411	0.230215	0.221664	0.173626	0.170484	0.200888
IRO_WM601	0.108877	0.049462	0.102670	0.096596	0.163487	0.112482	0.120341	0.000000	0.120186	0.116812	0.081437	0.114685	0.102065	0.154526	0.151667	0.097269	0.086526	0.159768
HGRF_WM661	0.146559	0.140315	0.186948	0.164663	0.204854	0.185104	0.154787	0.120186	0.000000	0.115690	0.155225	0.200635	0.173104	0.228017	0.219705	0.186928	0.166112	0.194288
PTP_WM721	0.149091	0.134573	0.176847	0.141695	0.187342	0.177936	0.159166	0.116812	0.115690	0.000000	0.154284	0.190863	0.170678	0.209021	0.205139	0.183167	0.149639	0.180374
RRL_WM782	0.132911	0.096272	0.135113	0.118928	0.174867	0.136504	0.154149	0.081437	0.155225	0.154284	0.000000	0.106173	0.108645	0.171255	0.170111	0.124279	0.098300	0.170716
RRO_WM842	0.167737	0.120419	0.161757	0.152363	0.191739	0.167254	0.194485	0.114685	0.200635	0.190863	0.106173	0.000000	0.121252	0.198802	0.198581	0.159537	0.125474	0.184203
CPS_WM901	0.148936	0.115760	0.147279	0.146951	0.181227	0.157342	0.168411	0.102065	0.173104	0.170678	0.108645	0.121252	0.000000	0.186863	0.181783	0.145737	0.129134	0.175500
PPNP_WM962	0.200881	0.160888	0.188311	0.182347	0.176403	0.197016	0.230215	0.154526	0.228017	0.209021	0.171255	0.198802	0.186863	0.000000	0.137807	0.198244	0.182127	0.158064
FPPI_WM1021	0.198616	0.156638	0.186483	0.178196	0.166162	0.196732	0.221664	0.151667	0.219705	0.205139	0.170111	0.198581	0.181783	0.137807	0.000000	0.195474	0.183145	0.150824
CRWA_WM1082	0.167056	0.104212	0.149247	0.120353	0.191943	0.155443	0.173626	0.097269	0.186928	0.183167	0.124279	0.159537	0.145737	0.198244	0.195474	0.000000	0.132933	0.186632
PCRA_WM1141	0.154896	0.100072	0.137897	0.133794	0.185453	0.145823	0.170484	0.086526	0.166112	0.149639	0.098300	0.125474	0.129134	0.182127	0.183145	0.132933	0.000000	0.180855
DHFA_WM1202	0.190287	0.155206	0.180458	0.172945	0.112055	0.180045	0.200888	0.159768	0.194288	0.180374	0.170716	0.184203	0.175500	0.158064	0.150824	0.186632	0.180855	0.000000
